#name zcmb zhel dz mb dmb x1 dx1 color dcolor 3rdvar d3rdvar tmax dtmax cov_m_s cov_m_c cov_s_c set ra dec biascor
 sn1994s 999 0.015177 999 14.762988 0.001041 0.222790 0.189096 -0.064677 0.031399 999 999 49518.395324 0.244284 999 999 999 999 999 999 999
 04D3cy 999 0.643000 999 23.785458 0.000854 -0.194010 0.272462 -0.031317 0.076732 999 999 53101.103329 0.286667 999 999 999 999 999 999 999
 06D3dt 999 0.282000 999 22.150877 0.000864 0.075200 0.094698 0.091711 0.030656 999 999 53849.045463 0.228887 999 999 999 999 999 999 999
 sn2006qo 999 0.029704 999 16.814749 -0.000375 0.466866 0.060424 0.165837 0.027236 999 999 54083.095738 0.067144 999 999 999 999 999 999 999
 SDSS7243 999 0.203700 999 20.780466 -0.002509 0.722275 0.386687 -0.020551 0.040004 999 999 53686.287432 0.324320 999 999 999 999 999 999 999
 SDSS17435 999 0.218000 999 20.708089 -0.002248 0.901977 0.256325 -0.108694 0.035555 999 999 54359.361167 0.296993 999 999 999 999 999 999 999
 SDSS20764 999 0.165000 999 20.273839 -0.002107 -1.334003 0.408117 -0.104413 0.030260 999 999 54421.655045 0.351799 999 999 999 999 999 999 999
 SDSS16069 999 0.128770 999 20.101984 -0.002656 0.878539 0.217385 0.156624 0.026632 999 999 54050.756774 0.185399 999 999 999 999 999 999 999
 04D2gb 999 0.450000 999 22.906507 0.002516 -1.586808 0.172883 0.028028 0.034398 999 999 53108.402345 0.207897 999 999 999 999 999 999 999
 SDSS14437 999 0.144000 999 19.706740 -0.002564 0.598653 0.119327 -0.094422 0.023633 999 999 54009.823616 0.119210 999 999 999 999 999 999 999
 05D4cn 999 0.763000 999 24.053070 -0.002355 1.111525 0.267106 0.006140 0.056315 999 999 53583.637294 0.404784 999 999 999 999 999 999 999
 06D2cd 999 0.930000 999 24.725022 0.002506 0.271594 3.264101 0.024513 0.514472 999 999 53790.302848 2.955918 999 999 999 999 999 999 999
 SDSS6192 999 0.272000 999 21.679938 -0.002665 -1.876846 0.825505 -0.060759 0.049279 999 999 53672.827122 0.525733 999 999 999 999 999 999 999
 SDSS19230 999 0.221000 999 21.279297 -0.002580 -1.617729 0.436550 0.079457 0.045829 999 999 54390.413184 0.427175 999 999 999 999 999 999 999
 04D1aj 999 0.721000 999 23.887843 -0.001734 0.391658 0.405038 -0.033293 0.066708 999 999 52998.964268 0.587364 999 999 999 999 999 999 999
 SDSS3377 999 0.245100 999 20.796561 -0.001082 1.038396 0.300885 -0.080207 0.035088 999 999 53645.939820 0.322347 999 999 999 999 999 999 999
 SDSS13136 999 0.366000 999 22.299454 -0.002529 0.664795 0.906383 -0.101389 0.062460 999 999 53993.712108 1.145982 999 999 999 999 999 999 999
 sn2006ax 999 0.016738 999 14.980831 0.001386 0.153120 0.019139 -0.105180 0.018051 999 999 53827.499421 0.021318 999 999 999 999 999 999 999
 sn2006on 999 0.071900 999 18.410739 -0.004358 0.548583 0.212860 0.078956 0.021289 999 999 54064.234498 0.195449 999 999 999 999 999 999 999
 SDSS13070 999 0.198530 999 20.344306 -0.002611 0.927165 0.274916 -0.146623 0.028216 999 999 53986.564627 0.250595 999 999 999 999 999 999 999
 06D2gb 999 0.442000 999 22.997460 0.002510 -1.632658 0.248502 -0.014217 0.038768 999 999 53872.503168 0.329613 999 999 999 999 999 999 999
 06D4bw 999 0.732000 999 23.893416 -0.002348 0.680390 0.311876 0.011197 0.060781 999 999 53909.337062 0.540749 999 999 999 999 999 999 999
 05D3ne 999 0.169000 999 20.293605 0.000845 -1.464094 0.192977 -0.143142 0.030080 999 999 53570.816285 0.096773 999 999 999 999 999 999 999
 SDSS19616 999 0.165490 999 20.241672 -0.001752 0.152332 0.192872 -0.023216 0.027610 999 999 54403.533042 0.138891 999 999 999 999 999 999 999
 SDSS11206 999 0.381900 999 22.200294 -0.002579 -1.542151 0.917596 -0.204769 0.085100 999 999 53697.294459 1.681332 999 999 999 999 999 999 999
 SDSS19282 999 0.177000 999 20.290651 -0.002621 1.224548 0.237084 -0.038586 0.024890 999 999 54397.434307 0.162778 999 999 999 999 999 999 999
 04D3nh 999 0.340000 999 22.136743 0.000842 0.611917 0.088098 -0.003775 0.028002 999 999 53174.383770 0.100457 999 999 999 999 999 999 999
 SDSS20048 999 0.182000 999 20.904884 -0.002647 -0.680769 0.499896 0.021802 0.039668 999 999 54410.164987 0.357620 999 999 999 999 999 999 999
 06D2bk 999 0.499000 999 23.280602 0.002502 0.478050 0.279677 0.005213 0.032182 999 999 53773.740962 0.322542 999 999 999 999 999 999 999
 SDSS18945 999 0.270000 999 21.596614 -0.002464 0.140373 0.506155 -0.048226 0.043320 999 999 54390.385855 0.436795 999 999 999 999 999 999 999
 SDSS19992 999 0.226000 999 21.144475 -0.002623 0.273633 0.554561 -0.080869 0.048303 999 999 54404.593995 0.469846 999 999 999 999 999 999 999
 04D1pg 999 0.515000 999 23.576294 -0.001731 0.984770 0.195716 0.104983 0.035347 999 999 53326.884778 0.243906 999 999 999 999 999 999 999
 SDSS15259 999 0.212000 999 20.790234 -0.002617 0.419660 0.266213 -0.014586 0.033803 999 999 54026.333790 0.270189 999 999 999 999 999 999 999
 04D3ml 999 0.950000 999 24.544465 0.000849 1.171787 0.450459 -0.138038 0.052815 999 999 53180.270176 0.596379 999 999 999 999 999 999 999
 SDSS17497 999 0.144730 999 20.043217 -0.001727 0.911473 0.123396 0.037819 0.022963 999 999 54364.735310 0.121150 999 999 999 999 999 999 999
 03D1fq 999 0.800000 999 24.486975 -0.001731 -1.055131 0.407312 -0.055373 0.064779 999 999 52999.210620 0.658681 999 999 999 999 999 999 999
 SDSS19953 999 0.119000 999 19.193301 -0.002582 0.743087 0.185021 -0.126255 0.021498 999 999 54415.144044 0.159334 999 999 999 999 999 999 999
 SDSS20111 999 0.245000 999 21.411288 -0.002653 -0.029666 0.581661 0.009062 0.044235 999 999 54410.055929 0.488954 999 999 999 999 999 999 999
 SDSS19149 999 0.196000 999 20.365640 -0.001925 1.179699 0.199881 0.010584 0.028082 999 999 54398.827163 0.165114 999 999 999 999 999 999 999
 SDSS3451 999 0.250000 999 20.952122 -0.002590 0.651705 0.318953 -0.054851 0.038644 999 999 53645.181201 0.306337 999 999 999 999 999 999 999
 04D4ih 999 0.934000 999 24.354118 -0.002358 0.321964 0.344552 -0.216483 0.052339 999 999 53269.567599 0.426245 999 999 999 999 999 999 999
 SDSS12883 999 0.307000 999 21.587820 -0.002178 -1.955901 0.936865 -0.057727 0.075714 999 999 53980.131604 0.831752 999 999 999 999 999 999 999
 sn2005na 999 0.026322 999 15.902994 0.001182 -0.449218 0.028449 -0.117684 0.019169 999 999 53740.725784 0.058264 999 999 999 999 999 999 999
 SDSS17340 999 0.257090 999 21.317571 -0.001590 -0.075277 0.444598 -0.006577 0.044104 999 999 54356.407363 0.392631 999 999 999 999 999 999 999
 sn1992bp 999 0.079300 999 18.257687 -0.000926 -0.954406 0.125054 -0.100858 0.049912 999 999 48980.527682 0.207573 999 999 999 999 999 999 999
 SDSS774 999 0.093490 999 18.937409 -0.002106 0.664648 0.270449 -0.024864 0.032392 999 999 53609.242940 1.024962 999 999 999 999 999 999 999
 Elvis 999 0.839000 999 24.362729 0.000867 -0.082593 0.330291 -0.019523 0.039682 999 999 52782.899477 0.893993 999 999 999 999 999 999 999
 SDSS2017 999 0.261600 999 21.300373 -0.002514 1.387827 0.544462 -0.105712 0.048199 999 999 53635.987105 0.556866 999 999 999 999 999 999 999
 05D3mn 999 0.760000 999 24.013451 0.000861 -0.123088 0.292716 -0.036515 0.050930 999 999 53559.291753 0.325941 999 999 999 999 999 999 999
 SDSS14451 999 0.179000 999 20.150638 -0.002045 0.289753 0.167948 -0.106830 0.026700 999 999 54011.802639 0.176746 999 999 999 999 999 999 999
 05D3cq 999 0.890000 999 24.174167 0.000837 -0.724908 0.606894 -0.198449 0.056669 999 999 53450.843052 0.966543 999 999 999 999 999 999 999
 04D2cf 999 0.369000 999 22.444286 0.002514 -0.739174 0.246309 -0.021675 0.035870 999 999 53075.356024 1.080931 999 999 999 999 999 999 999
 SDSS18604 999 0.178000 999 20.910671 -0.002656 -2.079552 0.216540 -0.046392 0.030446 999 999 54387.374223 0.208076 999 999 999 999 999 999 999
 06D3en 999 1.060000 999 24.635120 0.000844 -0.990429 0.412572 -0.159969 0.060323 999 999 53881.454919 0.960836 999 999 999 999 999 999 999
 sn2006mp 999 0.023016 999 15.972160 -0.000822 0.941026 0.149039 0.003407 0.027036 999 999 54054.328169 0.107349 999 999 999 999 999 999 999
 SDSS9457 999 0.256900 999 21.432575 -0.002610 -0.348108 0.587140 -0.020983 0.058973 999 999 53688.825276 0.516357 999 999 999 999 999 999 999
 SDSS14984 999 0.184000 999 20.865277 -0.002202 1.015726 0.338005 0.073029 0.033852 999 999 54024.802323 0.321387 999 999 999 999 999 999 999
 05D3ci 999 0.515000 999 23.628863 0.000841 2.165300 0.579574 0.168589 0.043542 999 999 53432.384905 0.408416 999 999 999 999 999 999 999
 SDSS20064 999 0.105240 999 19.258363 -0.002615 0.848739 0.181279 0.055758 0.024126 999 999 54413.139349 0.119885 999 999 999 999 999 999 999
 03D1aw 999 0.582000 999 23.575569 -0.001752 0.976748 0.274268 -0.024871 0.036579 999 999 52902.900428 0.354001 999 999 999 999 999 999 999
 05D3jk 999 0.736000 999 23.676471 0.000863 0.779073 0.180117 -0.127005 0.046134 999 999 53507.774276 0.232015 999 999 999 999 999 999 999
 05D4av 999 0.509000 999 23.562471 -0.002345 0.874870 0.273534 0.168916 0.095379 999 999 53553.496715 0.336278 999 999 999 999 999 999 999
 04D3mk 999 0.813000 999 24.266485 0.000833 -0.276951 0.284281 -0.140445 0.055765 999 999 53179.531556 0.330797 999 999 999 999 999 999 999
 SDSS13796 999 0.145000 999 19.835510 -0.002657 0.788998 0.115917 -0.018952 0.022366 999 999 54010.411653 0.116696 999 999 999 999 999 999 999
 05D4hn 999 0.842000 999 24.162430 -0.002353 1.250712 0.792549 0.070005 0.072893 999 999 53693.966818 0.848677 999 999 999 999 999 999 999
 04D3oe 999 0.756000 999 24.039752 0.000849 -0.956358 0.275973 -0.242906 0.059116 999 999 53195.295490 0.345249 999 999 999 999 999 999 999
 SDSS14816 999 0.107220 999 19.368552 -0.002610 -0.672496 0.092626 0.021495 0.022413 999 999 54021.316037 0.091733 999 999 999 999 999 999 999
 SDSS16073 999 0.146000 999 20.254957 -0.002503 0.722350 0.186205 -0.006722 0.024954 999 999 54051.433983 0.157512 999 999 999 999 999 999 999
 05D2le 999 0.700000 999 23.949502 0.002514 0.493621 0.307234 -0.016273 0.049586 999 999 53694.970722 0.412727 999 999 999 999 999 999 999
 04D1ks 999 0.798000 999 24.105685 -0.001749 0.694930 0.260334 0.097651 0.060242 999 999 53291.394541 0.384472 999 999 999 999 999 999 999
 SDSS14421 999 0.174900 999 20.450179 -0.001923 -0.745288 0.179993 -0.097695 0.025518 999 999 54010.902490 0.211967 999 999 999 999 999 999 999
 sn1993ag 999 0.049000 999 17.811046 0.000673 -0.829790 0.144963 0.059518 0.047157 999 999 49316.726080 0.249059 999 999 999 999 999 999 999
 05D3hh 999 0.766000 999 24.277971 0.000841 0.537955 0.423812 0.001834 0.062672 999 999 53479.626208 0.424197 999 999 999 999 999 999 999
 SDSS18721 999 0.393000 999 22.095635 -0.002574 0.145967 0.850383 -0.134705 0.070042 999 999 54371.387339 0.734617 999 999 999 999 999 999 999
 SDSS19596 999 0.292000 999 21.541813 -0.001093 0.641903 0.523133 -0.044140 0.047265 999 999 54396.519207 0.430358 999 999 999 999 999 999 999
 SDSS15508 999 0.135000 999 19.605408 -0.002067 0.883058 0.104327 -0.059233 0.022269 999 999 54041.562622 0.091944 999 999 999 999 999 999 999
 SDSS6137 999 0.300100 999 21.521911 -0.002039 0.356005 0.712543 -0.151073 0.051149 999 999 53669.535598 1.069024 999 999 999 999 999 999 999
 06D4cq 999 0.411000 999 22.559494 -0.002356 0.432629 0.095266 -0.038834 0.021780 999 999 53947.436739 0.106770 999 999 999 999 999 999 999
 06D2ce 999 0.820000 999 24.159622 0.002508 2.026878 1.005455 -0.002237 0.079608 999 999 53799.737857 1.290806 999 999 999 999 999 999 999
 SDSS20227 999 0.284000 999 21.510516 -0.002657 -1.291857 0.520911 -0.149760 0.046888 999 999 54408.484272 0.533142 999 999 999 999 999 999 999
 sn2005ir 999 0.076000 999 18.410159 -0.002282 0.684299 0.052574 -0.013657 0.014317 999 999 53685.659844 0.048286 999 999 999 999 999 999 999
 05D4bm 999 0.372000 999 22.212626 -0.002358 0.251148 0.071564 -0.065977 0.029220 999 999 53568.061421 0.071465 999 999 999 999 999 999 999
 SDSS22075 999 0.129960 999 19.926401 -0.001980 -1.682310 0.335154 -0.031775 0.029836 999 999 54425.942389 0.328764 999 999 999 999 999 999 999
 SDSS17880 999 0.072670 999 18.982583 -0.001458 -0.923162 0.108971 0.181070 0.026135 999 999 54363.270005 0.157000 999 999 999 999 999 999 999
 SDSS5395 999 0.117000 999 19.460398 -0.001264 1.193494 0.134453 -0.015761 0.022292 999 999 53663.880876 0.147705 999 999 999 999 999 999 999
 sn2006nz 999 0.038090 999 18.130228 -0.002386 -2.862661 0.215788 0.228831 0.020259 999 999 54057.617247 0.100155 999 999 999 999 999 999 999
 03D4gg 999 0.592000 999 23.432317 -0.002347 1.000201 0.436613 0.011623 0.039435 999 999 52943.106211 0.555371 999 999 999 999 999 999 999
 SDSS12972 999 0.258000 999 21.305862 -0.002504 0.115728 0.663230 -0.080973 0.048536 999 999 53980.992698 0.658308 999 999 999 999 999 999 999
 SDSS19775 999 0.137900 999 20.266351 -0.002329 -0.228661 0.199989 0.093695 0.029086 999 999 54404.425672 0.183092 999 999 999 999 999 999 999
 SDSS16185 999 0.097000 999 19.771336 -0.002337 -2.308878 0.224422 0.069984 0.025848 999 999 54053.891341 0.147000 999 999 999 999 999 999 999
 SDSS15129 999 0.198280 999 20.682781 -0.002339 -0.774058 0.224252 -0.070393 0.032280 999 999 54023.823751 0.250987 999 999 999 999 999 999 999
 04D4ju 999 0.472000 999 23.762600 -0.002365 0.448581 0.224368 0.153658 0.034622 999 999 53293.121342 0.284863 999 999 999 999 999 999 999
 SDSS15583 999 0.178000 999 20.734311 -0.001733 -0.296247 0.207333 0.025378 0.030989 999 999 54041.008926 0.189249 999 999 999 999 999 999 999
 SDSS19023 999 0.243000 999 20.841016 -0.002010 1.303628 0.275373 -0.118818 0.036529 999 999 54389.834738 0.278583 999 999 999 999 999 999 999
 SDSS16100 999 0.195000 999 21.063072 -0.001963 -0.393431 0.364791 0.051510 0.039912 999 999 54048.043103 0.258622 999 999 999 999 999 999 999
 sn2001ba 999 0.029420 999 16.194760 0.002026 0.144235 0.101217 -0.123568 0.040304 999 999 52034.359133 0.146931 999 999 999 999 999 999 999
 SDSS19174 999 0.164700 999 20.515963 -0.002108 -0.752754 0.213107 0.056614 0.031243 999 999 54394.885848 0.189869 999 999 999 999 999 999 999
 SDSS2561 999 0.118130 999 19.782221 -0.001399 -0.082622 0.115450 0.039626 0.024348 999 999 53639.254012 0.145724 999 999 999 999 999 999 999
 SDSS14212 999 0.205400 999 20.910796 -0.002542 -0.339450 0.174591 -0.032364 0.033305 999 999 54012.948751 0.182892 999 999 999 999 999 999 999
 sn2006ar 999 0.022539 999 16.436140 0.000936 -1.043030 0.216579 0.082551 0.027414 999 999 53813.673883 0.144328 999 999 999 999 999 999 999
 SDSS14871 999 0.119000 999 19.434231 -0.001068 1.291181 0.112032 -0.046482 0.021823 999 999 54027.354001 0.123576 999 999 999 999 999 999 999
 04D3nc 999 0.817000 999 24.246127 0.000875 1.180628 0.676585 -0.083250 0.062776 999 999 53187.927301 0.573419 999 999 999 999 999 999 999
 SDSS15648 999 0.175020 999 21.030779 -0.002200 -1.455063 0.384718 0.114302 0.047371 999 999 54042.564424 0.297867 999 999 999 999 999 999 999
 sn1992ag 999 0.025000 999 16.298613 0.000419 0.111470 0.307794 0.126232 0.052071 999 999 48806.381003 0.582466 999 999 999 999 999 999 999
 05D2ck 999 0.698000 999 24.449220 0.002505 -2.628512 0.616504 -0.002789 0.068273 999 999 53416.825338 0.737400 999 999 999 999 999 999 999
 SDSS21062 999 0.147000 999 20.355871 -0.002576 0.819601 0.373180 0.013291 0.031109 999 999 54425.646015 0.301718 999 999 999 999 999 999 999
 03D4di 999 0.899000 999 24.289862 -0.002352 1.450012 0.414429 -0.081813 0.063596 999 999 52901.056120 0.535786 999 999 999 999 999 999 999
 SDSS18697 999 0.107260 999 19.222404 -0.002433 0.749834 0.119928 -0.002731 0.021182 999 999 54384.430928 0.193322 999 999 999 999 999 999 999
 SDSS17186 999 0.079440 999 19.238688 -0.001912 0.643129 0.149435 0.111354 0.024648 999 999 54353.810703 0.186763 999 999 999 999 999 999 999
 SDSS5994 999 0.187000 999 20.477429 -0.002178 0.746771 0.264490 -0.061585 0.029498 999 999 53665.740039 0.267127 999 999 999 999 999 999 999
 05D1az 999 0.842000 999 24.223685 -0.001743 1.869050 0.370433 -0.012752 0.058667 999 999 53603.190061 0.395024 999 999 999 999 999 999 999
 SDSS19968 999 0.056030 999 18.010296 -0.002140 -1.888869 0.175886 -0.034879 0.023496 999 999 54412.677463 0.102829 999 999 999 999 999 999 999
 SDSS2330 999 0.213200 999 21.772481 -0.002525 -1.884592 0.548048 0.044886 0.056501 999 999 53635.472050 0.494676 999 999 999 999 999 999 999
 SDSS14024 999 0.146000 999 20.464093 -0.002313 -1.921739 0.196179 0.037676 0.032358 999 999 54011.162001 0.204992 999 999 999 999 999 999 999
 03D4cz 999 0.695000 999 24.023930 -0.002352 -1.761729 0.379622 -0.074035 0.084351 999 999 52894.647263 0.426218 999 999 999 999 999 999 999
 SDSS15461 999 0.180000 999 20.357175 -0.002486 -0.162114 0.209321 -0.100209 0.026657 999 999 54036.984179 0.173294 999 999 999 999 999 999 999
 04D3lu 999 0.822000 999 24.338256 0.000831 -0.570233 0.226811 -0.112701 0.057656 999 999 53169.138486 0.403971 999 999 999 999 999 999 999
 SDSS10805 999 0.045420 999 17.531287 -0.002681 -0.952749 0.402442 0.056675 0.024902 999 999 53698.687664 0.125514 999 999 999 999 999 999 999
 SDSS16093 999 0.336000 999 21.861890 -0.002667 1.029170 0.736503 -0.063642 0.056015 999 999 54045.023314 0.637451 999 999 999 999 999 999 999
 05D2ec 999 0.640000 999 23.675868 0.002505 -0.204144 0.228010 -0.105564 0.062415 999 999 53440.363515 0.456465 999 999 999 999 999 999 999
 SDSS13045 999 0.182000 999 20.672446 -0.002665 -0.132858 0.469431 0.052346 0.034233 999 999 53993.290755 1.066365 999 999 999 999 999 999 999
 SDSS2916 999 0.124200 999 19.968460 -0.002261 -0.872967 0.235928 0.056837 0.034889 999 999 53643.892667 0.164474 999 999 999 999 999 999 999
 SDSS13727 999 0.221000 999 20.854356 -0.002295 1.255508 0.342311 -0.040103 0.035190 999 999 54004.880099 0.326795 999 999 999 999 999 999 999
 04D3ny 999 0.810000 999 24.205634 0.000864 -0.060819 0.761565 -0.011413 0.075291 999 999 53194.175523 0.860207 999 999 999 999 999 999 999
 SDSS6933 999 0.213000 999 20.829519 -0.002454 0.075531 0.234811 -0.019535 0.032405 999 999 53679.849083 0.231592 999 999 999 999 999 999 999
 SDSS15704 999 0.365000 999 22.059378 -0.001639 -0.043513 0.737656 -0.171320 0.056321 999 999 54043.006307 0.691274 999 999 999 999 999 999 999
 SDSS7475 999 0.322000 999 21.537528 -0.002547 0.677169 0.593906 -0.169804 0.041014 999 999 53676.478069 0.547299 999 999 999 999 999 999 999
 04D2an 999 0.620000 999 23.580594 0.002510 -0.310735 0.609571 -0.044049 0.049362 999 999 53031.153242 0.686351 999 999 999 999 999 999 999
 04D4hf 999 0.936000 999 24.768452 -0.002357 0.838422 0.635542 0.035520 0.081547 999 999 53236.716784 1.430880 999 999 999 999 999 999 999
 SDSS7779 999 0.381200 999 21.922235 -0.002108 1.321059 0.633697 -0.102434 0.042796 999 999 53675.694681 0.598515 999 999 999 999 999 999 999
 SDSS15383 999 0.312000 999 21.860351 -0.001854 0.212554 0.745627 -0.033866 0.050864 999 999 54030.555247 0.721417 999 999 999 999 999 999 999
 05D1ke 999 0.690000 999 23.597130 -0.001728 0.225528 0.256302 -0.106105 0.049345 999 999 53731.341144 0.344571 999 999 999 999 999 999 999
 sn2004gu 999 0.045900 999 17.424128 0.001984 1.333962 0.058312 0.078401 0.019539 999 999 53362.564932 0.116694 999 999 999 999 999 999 999
 05D3hs 999 0.664000 999 23.506117 0.000832 0.553969 0.268530 -0.167693 0.058729 999 999 53490.908750 0.337302 999 999 999 999 999 999 999
 05D2bt 999 0.680000 999 23.494504 0.002509 0.506123 0.257299 -0.152541 0.048322 999 999 53401.498699 0.245683 999 999 999 999 999 999 999
 SDSS19128 999 0.287000 999 21.593755 -0.002651 1.349095 0.599618 -0.064859 0.043818 999 999 54387.049820 0.636857 999 999 999 999 999 999 999
 SDSS15287 999 0.274000 999 21.160601 -0.002422 1.425774 0.314202 -0.072841 0.034781 999 999 54030.381903 0.328804 999 999 999 999 999 999 999
 SDSS3087 999 0.165600 999 20.257495 -0.002237 0.522599 0.189730 0.005964 0.025152 999 999 53648.887000 0.139571 999 999 999 999 999 999 999
 05D3dd 999 0.480000 999 22.951200 0.000833 -0.213517 0.141416 -0.033755 0.034664 999 999 53455.296510 0.110898 999 999 999 999 999 999 999
 SDSS12853 999 0.169400 999 20.172096 -0.002285 -0.577468 0.345204 -0.061592 0.032000 999 999 53979.292235 0.325184 999 999 999 999 999 999 999
 SDSS13099 999 0.266030 999 21.534770 -0.002609 0.355962 0.789537 -0.021649 0.046596 999 999 53995.209912 1.396127 999 999 999 999 999 999 999
 SDSS15433 999 0.221100 999 20.942457 -0.002384 -0.087187 0.260404 -0.067659 0.035697 999 999 54037.383013 0.249794 999 999 999 999 999 999 999
 SDSS14261 999 0.281000 999 21.349619 -0.002510 0.697418 0.462029 -0.030010 0.042790 999 999 54018.808520 0.367015 999 999 999 999 999 999 999
 SDSS16619 999 0.115100 999 19.170766 -0.002104 -0.180856 0.592358 -0.085470 0.027141 999 999 54069.593774 0.679081 999 999 999 999 999 999 999
 06D4cl 999 1.000000 999 24.470417 -0.002362 1.171015 0.383378 -0.087939 0.052567 999 999 53938.068334 0.591356 999 999 999 999 999 999 999
 SDSS15456 999 0.382100 999 21.980150 -0.002562 -1.213190 0.783665 -0.090495 0.061070 999 999 54030.297724 0.752929 999 999 999 999 999 999 999
 SDSS19632 999 0.308000 999 21.831217 -0.001628 0.148977 0.524646 -0.044706 0.052478 999 999 54396.710232 0.447553 999 999 999 999 999 999 999
 04D3kr 999 0.337000 999 21.965396 0.000867 1.232658 0.085896 -0.018671 0.022743 999 999 53166.004775 0.119636 999 999 999 999 999 999 999
 05D3kt 999 0.648000 999 23.971623 0.000843 -0.433703 0.235521 0.062993 0.070485 999 999 53530.947708 0.276037 999 999 999 999 999 999 999
 05D1if 999 0.763000 999 24.023542 -0.001750 0.165647 0.423589 -0.055870 0.052073 999 999 53715.504835 0.216313 999 999 999 999 999 999 999
 SDSS6558 999 0.057420 999 17.715349 -0.002219 1.053706 0.089982 -0.029583 0.023650 999 999 53675.029777 0.091425 999 999 999 999 999 999 999
 SDSS18740 999 0.157000 999 20.171619 -0.002347 -0.034559 0.125850 0.024799 0.022340 999 999 54391.806024 0.107516 999 999 999 999 999 999 999
 SDSS16211 999 0.310940 999 22.130835 -0.002668 -1.964261 0.671853 0.004668 0.072510 999 999 54041.485740 0.576786 999 999 999 999 999 999 999
 SDSS14279 999 0.045390 999 17.545856 -0.002307 -0.162455 0.047435 0.090516 0.023035 999 999 54022.045630 0.060997 999 999 999 999 999 999 999
 SDSS1112 999 0.257640 999 21.537025 -0.002643 -0.624489 0.675391 -0.026802 0.051927 999 999 53630.085016 0.676667 999 999 999 999 999 999 999
 04D4id 999 0.769000 999 24.181082 -0.002364 0.688323 0.557748 -0.175128 0.066776 999 999 53261.709231 0.773877 999 999 999 999 999 999 999
 SDSS12898 999 0.081000 999 19.018298 -0.002070 -0.068596 0.084676 0.070221 0.021202 999 999 54002.481217 0.080088 999 999 999 999 999 999 999
 05D3kx 999 0.219000 999 20.849950 0.000823 0.698594 0.063041 -0.039916 0.024030 999 999 53534.170465 0.068436 999 999 999 999 999 999 999
 SDSS16106 999 0.251200 999 21.019970 -0.002553 -0.628930 0.364318 -0.150144 0.047578 999 999 54045.424722 0.303236 999 999 999 999 999 999 999
 SDSS19008 999 0.219000 999 21.083796 -0.002549 1.082021 0.407996 0.085623 0.042484 999 999 54392.649685 0.349161 999 999 999 999 999 999 999
 06D3ed 999 0.404000 999 22.605009 0.000849 -0.391802 0.081163 -0.067687 0.022697 999 999 53876.184689 0.137622 999 999 999 999 999 999 999
 SDSS12971 999 0.235240 999 20.792245 -0.002533 1.185435 0.580329 -0.091335 0.036042 999 999 53976.635770 1.176099 999 999 999 999 999 999 999
 SDSS12881 999 0.233000 999 21.097975 -0.002467 0.774577 0.545347 0.034981 0.040804 999 999 53980.297008 0.574779 999 999 999 999 999 999 999
 SDSS18298 999 0.119820 999 20.538217 -0.002309 -2.735932 0.290348 0.254631 0.048079 999 999 54374.330926 0.212611 999 999 999 999 999 999 999
 SDSS19341 999 0.228000 999 21.437079 -0.002353 -1.550624 0.368997 0.033088 0.043363 999 999 54393.202678 0.314802 999 999 999 999 999 999 999
 SDSS14284 999 0.181070 999 20.226850 -0.001287 -0.307718 0.169433 -0.068426 0.025594 999 999 54014.576709 0.158658 999 999 999 999 999 999 999
 SDSS13411 999 0.163000 999 20.326091 -0.002242 1.787229 0.394651 0.019799 0.035986 999 999 53987.459846 0.309421 999 999 999 999 999 999 999
 SDSS13934 999 0.330000 999 22.190297 -0.002647 -0.705609 0.819111 -0.100231 0.069480 999 999 54007.420880 0.946786 999 999 999 999 999 999 999
 SDSS15868 999 0.242000 999 21.004838 -0.001714 0.329375 0.264262 -0.140760 0.037003 999 999 54044.254428 0.220166 999 999 999 999 999 999 999
 SDSS15354 999 0.222100 999 21.519681 -0.002525 -2.266910 0.354741 0.085479 0.048511 999 999 54024.628943 0.494111 999 999 999 999 999 999 999
 SDSS15872 999 0.203000 999 20.554586 -0.001752 0.781390 0.317349 -0.064106 0.037583 999 999 54047.769298 0.206320 999 999 999 999 999 999 999
 SDSS19027 999 0.295000 999 21.355232 -0.002517 0.472853 0.540544 -0.006753 0.045454 999 999 54386.550345 0.625714 999 999 999 999 999 999 999
 SDSS21669 999 0.124070 999 19.546252 -0.002435 -1.324377 0.635904 -0.079535 0.030260 999 999 54429.909319 0.958840 999 999 999 999 999 999 999
 05D4bi 999 0.775000 999 24.031689 -0.002349 0.998577 0.479609 -0.136467 0.065808 999 999 53560.317285 0.545165 999 999 999 999 999 999 999
 SDSS17784 999 0.037070 999 17.320659 -0.001152 -0.728491 0.077425 0.060480 0.022270 999 999 54367.037233 0.074749 999 999 999 999 999 999 999
 05D4gw 999 0.808000 999 24.444034 -0.002354 0.026148 0.864774 0.033502 0.090493 999 999 53678.620029 0.710018 999 999 999 999 999 999 999
 SDSS1253 999 0.262000 999 21.217421 -0.002427 -0.958941 0.455247 -0.118690 0.049573 999 999 53634.279473 0.418228 999 999 999 999 999 999 999
 sn1992bs 999 0.063700 999 18.251653 -0.000725 -0.175937 0.134559 -0.032139 0.048640 999 999 48985.247887 0.465140 999 999 999 999 999 999 999
 sn2005ag 999 0.079400 999 18.413285 0.001414 0.213825 0.047899 -0.037361 0.023189 999 999 53414.897949 0.085438 999 999 999 999 999 999 999
 04D2iu 999 0.700000 999 24.218346 0.002509 -1.912649 0.420384 0.040356 0.084600 999 999 53120.731718 0.520070 999 999 999 999 999 999 999
 SDSS12869 999 0.278000 999 21.364933 -0.002499 0.207280 0.834731 -0.041307 0.050507 999 999 53978.988033 1.202033 999 999 999 999 999 999 999
 sn1996bv 999 0.016672 999 15.333811 0.000628 0.822379 0.270570 0.164300 0.028507 999 999 50404.162462 0.615614 999 999 999 999 999 999 999
 SDSS15584 999 0.282000 999 21.439162 -0.001508 0.317578 0.405104 -0.044995 0.044155 999 999 54038.130216 0.390947 999 999 999 999 999 999 999
 04D1jd 999 0.778000 999 24.376028 -0.001718 0.151609 0.282775 0.105229 0.068795 999 999 53259.213912 0.453919 999 999 999 999 999 999 999
 05D1ix 999 0.490000 999 22.872031 -0.001750 0.542748 0.136796 -0.069549 0.026440 999 999 53719.437542 0.133462 999 999 999 999 999 999 999
 SDSS17215 999 0.181360 999 20.577415 -0.001048 0.282321 0.418446 0.015780 0.038096 999 999 54350.995734 0.721533 999 999 999 999 999 999 999
 SDSS13152 999 0.207000 999 20.660851 -0.002520 0.258859 0.246199 0.007817 0.030611 999 999 54001.232785 0.196098 999 999 999 999 999 999 999
 sn1992bg 999 0.035200 999 16.731933 0.000038 -0.463453 0.120305 -0.047107 0.045214 999 999 48916.155314 0.456200 999 999 999 999 999 999 999
 SDSS6780 999 0.202000 999 20.952960 -0.002513 -1.766077 0.382517 -0.030581 0.045286 999 999 53665.562785 0.408985 999 999 999 999 999 999 999
 SDSS17240 999 0.072750 999 18.170520 -0.002471 -1.468233 0.366746 -0.121562 0.057993 999 999 54337.327630 1.128159 999 999 999 999 999 999 999
 SDSS15222 999 0.199430 999 20.947240 -0.002572 -1.339524 0.280770 0.011158 0.035054 999 999 54031.122179 0.250414 999 999 999 999 999 999 999
 SDSS12977 999 0.247000 999 21.150768 -0.002404 0.068958 0.488495 -0.048385 0.038416 999 999 53994.911028 0.809349 999 999 999 999 999 999 999
 04D3hn 999 0.552000 999 23.489912 0.000846 -0.565516 0.121860 0.081243 0.036510 999 999 53137.160219 0.179949 999 999 999 999 999 999 999
 SDSS19353 999 0.154030 999 20.206594 -0.001525 0.893937 0.205962 0.036346 0.026614 999 999 54398.627462 0.134449 999 999 999 999 999 999 999
 sn2007ae 999 0.064388 999 17.758017 -0.002913 1.850178 0.293036 -0.009568 0.031306 999 999 54153.120953 0.647034 999 999 999 999 999 999 999
 06D3gx 999 0.760000 999 23.889435 0.000852 0.555090 1.089888 -0.127576 0.082294 999 999 53934.642419 1.260957 999 999 999 999 999 999 999
 04D4jr 999 0.470000 999 22.638184 -0.002356 1.527781 0.121572 -0.063243 0.026876 999 999 53298.423077 0.153801 999 999 999 999 999 999 999
 06D3df 999 0.442000 999 22.666513 0.000825 1.154435 0.164624 -0.026969 0.023117 999 999 53850.706956 0.371186 999 999 999 999 999 999 999
 SDSS17274 999 0.178000 999 20.394946 -0.002619 1.956582 0.535517 -0.136566 0.077282 999 999 54352.880331 2.257344 999 999 999 999 999 999 999
 sn2006et 999 0.022172 999 15.952714 0.000624 0.936317 0.151508 0.121890 0.029016 999 999 53994.447538 0.221326 999 999 999 999 999 999 999
 SDSS16213 999 0.250000 999 21.127019 -0.002486 0.279187 0.436733 -0.096786 0.039613 999 999 54053.580407 0.418251 999 999 999 999 999 999 999
 05D3kp 999 0.850000 999 24.106886 0.000856 1.277420 0.252806 -0.143987 0.049721 999 999 53530.040306 0.332909 999 999 999 999 999 999 999
 05D2ci 999 0.630000 999 23.604410 0.002506 -0.942614 0.681119 0.084604 0.127269 999 999 53427.846635 0.337813 999 999 999 999 999 999 999
 SDSS2440 999 0.193000 999 20.641959 -0.001548 0.392563 0.285251 -0.086849 0.028814 999 999 53634.981430 0.326605 999 999 999 999 999 999 999
 SDSS7512 999 0.219000 999 21.097585 -0.001158 0.502393 0.372351 -0.002526 0.038448 999 999 53682.533602 0.353236 999 999 999 999 999 999 999
 SDSS14979 999 0.177100 999 20.176739 -0.001052 0.225193 0.139601 -0.117621 0.025141 999 999 54025.603357 0.143230 999 999 999 999 999 999 999
 sn2007cq 999 0.025918 999 15.778759 -0.000953 -0.657975 0.115647 -0.060776 0.025817 999 999 54281.025668 0.070945 999 999 999 999 999 999 999
 SDSS20470 999 0.125000 999 19.951260 -0.001158 0.657479 0.428764 0.044213 0.029078 999 999 54419.227986 0.369644 999 999 999 999 999 999 999
 SDSS16641 999 0.115000 999 19.716902 -0.002163 1.053686 0.620678 0.039743 0.030041 999 999 54069.198255 0.625758 999 999 999 999 999 999 999
 SDSS19155 999 0.076880 999 18.226717 -0.001937 1.204944 0.103143 -0.103776 0.021599 999 999 54399.682804 0.068653 999 999 999 999 999 999 999
 SDSS19543 999 0.123000 999 19.943580 -0.002631 -0.835465 0.137089 -0.021872 0.024423 999 999 54401.005672 0.119954 999 999 999 999 999 999 999
 SDSS16099 999 0.196950 999 20.702445 -0.002087 2.029756 0.374867 0.023362 0.027130 999 999 54054.438768 0.309653 999 999 999 999 999 999 999
 04D1ff 999 0.860000 999 24.217138 -0.001737 0.729593 0.399455 0.038771 0.063561 999 999 53251.205411 0.394113 999 999 999 999 999 999 999
 sn2005iq 999 0.034044 999 16.742170 0.000063 -1.071327 0.040712 -0.112553 0.019261 999 999 53687.694421 0.040989 999 999 999 999 999 999 999
 SDSS19604 999 0.296000 999 22.400388 -0.002548 1.173205 1.192984 0.173029 0.080940 999 999 54396.258269 0.781693 999 999 999 999 999 999 999
 SDSS744 999 0.127800 999 19.806120 -0.002524 1.401022 0.316899 0.071417 0.032342 999 999 53612.859117 0.780029 999 999 999 999 999 999 999
 05D3km 999 0.960000 999 24.697036 0.000820 0.348423 0.310082 -0.181787 0.048617 999 999 53522.924191 0.442848 999 999 999 999 999 999 999
 SDSS18835 999 0.123190 999 19.506896 -0.001102 0.757718 0.109387 -0.013283 0.022183 999 999 54392.387241 0.117025 999 999 999 999 999 999 999
 05D2nt 999 0.757000 999 24.090025 0.002507 1.515384 0.308701 -0.010430 0.050773 999 999 53727.538483 0.439120 999 999 999 999 999 999 999
 05D2mp 999 0.353700 999 22.386440 0.002503 1.275714 0.186531 0.013954 0.024854 999 999 53711.646296 0.134252 999 999 999 999 999 999 999
 SDSS2943 999 0.265400 999 21.371057 -0.002318 0.554553 0.421344 -0.025592 0.046700 999 999 53640.519798 0.521693 999 999 999 999 999 999 999
 05D4be 999 0.537000 999 22.875836 -0.002365 0.914278 0.130128 -0.150513 0.027917 999 999 53551.538213 0.194603 999 999 999 999 999 999 999
 05D2eb 999 0.534000 999 22.993337 0.002506 0.875904 0.379576 -0.053360 0.043351 999 999 53451.957050 0.230048 999 999 999 999 999 999 999
 04D2ja 999 0.740000 999 24.079592 0.002504 0.351283 0.402743 -0.201003 0.071135 999 999 53123.199034 0.482633 999 999 999 999 999 999 999
 SDSS18323 999 0.155000 999 20.238659 -0.002577 0.159608 0.224362 -0.043390 0.029203 999 999 54375.478801 0.162869 999 999 999 999 999 999 999
 sn1993o 999 0.051000 999 17.611973 0.004388 -0.706037 0.091597 -0.081418 0.044622 999 999 49134.235562 0.116592 999 999 999 999 999 999 999
 SDSS17280 999 0.130980 999 19.679260 -0.001018 -0.824577 0.288198 -0.185279 0.052528 999 999 54344.031980 1.023010 999 999 999 999 999 999 999
 05D4cq 999 0.701000 999 23.727888 -0.002339 0.662549 0.265520 -0.135574 0.053807 999 999 53586.357075 0.381747 999 999 999 999 999 999 999
 04D1sa 999 0.585000 999 23.566373 -0.001723 -0.441495 0.289027 -0.068616 0.033420 999 999 53360.233533 0.322727 999 999 999 999 999 999 999
 SDSS18927 999 0.214000 999 21.239270 -0.001378 -0.587593 0.377356 0.113126 0.040021 999 999 54386.817342 0.404528 999 999 999 999 999 999 999
 SDSS15213 999 0.307000 999 21.733598 -0.001130 -0.084286 0.640040 -0.086547 0.058701 999 999 54026.323076 0.697202 999 999 999 999 999 999 999
 SDSS12930 999 0.147170 999 20.060050 -0.002083 1.890182 0.405056 0.021929 0.032490 999 999 53979.679714 0.384835 999 999 999 999 999 999 999
 SDSS2165 999 0.288000 999 21.604689 -0.002328 0.479358 0.574462 -0.121421 0.044381 999 999 53634.347588 0.468046 999 999 999 999 999 999 999
 SDSS1794 999 0.142600 999 20.080908 -0.002301 1.152879 0.317319 0.030668 0.026276 999 999 53624.721983 0.551850 999 999 999 999 999 999 999
 05D3la 999 0.936000 999 24.441773 0.000847 -0.183187 0.299012 -0.101470 0.051306 999 999 53535.876474 0.397623 999 999 999 999 999 999 999
 SDSS15171 999 0.139200 999 19.656625 -0.001945 0.681269 0.143809 -0.078524 0.022333 999 999 54029.168799 0.136012 999 999 999 999 999 999 999
 SDSS19969 999 0.175240 999 20.507755 -0.001922 0.046738 0.248218 0.016787 0.026577 999 999 54409.050355 0.235071 999 999 999 999 999 999 999
 SDSS19794 999 0.296980 999 22.241670 -0.002613 -2.426117 0.727091 0.045699 0.073334 999 999 54396.131782 0.592638 999 999 999 999 999 999 999
 04D3lp 999 0.983000 999 24.929727 0.000851 -1.387975 0.557150 0.013620 0.076015 999 999 53148.844215 0.872866 999 999 999 999 999 999 999
 SDSS4577 999 0.363000 999 22.095913 -0.001705 0.322050 0.880354 -0.062460 0.055328 999 999 53648.083565 0.715967 999 999 999 999 999 999 999
 SDSS17605 999 0.146430 999 20.058597 -0.002085 0.714184 0.440349 0.015056 0.039116 999 999 54352.596266 0.924248 999 999 999 999 999 999 999
 03D4cj 999 0.270000 999 21.055939 -0.002354 1.150846 0.085371 -0.080171 0.023169 999 999 52889.694220 0.093404 999 999 999 999 999 999 999
 SDSS20084 999 0.131000 999 20.551732 -0.002670 0.128954 0.278272 0.155062 0.030885 999 999 54407.152684 0.252432 999 999 999 999 999 999 999
 SDSS722 999 0.086520 999 18.714885 -0.002600 -0.471119 0.186268 -0.086989 0.034734 999 999 53610.851806 0.624823 999 999 999 999 999 999 999
 SDSS17811 999 0.200000 999 20.488300 -0.002408 1.032043 0.301489 -0.097380 0.027206 999 999 54355.288810 0.272941 999 999 999 999 999 999 999
 05D3cx 999 0.805000 999 23.879119 0.000837 0.635047 0.572851 -0.160338 0.048365 999 999 53450.066851 0.938376 999 999 999 999 999 999 999
 SDSS14456 999 0.330000 999 21.823027 -0.002663 -0.040748 0.596634 -0.029409 0.050311 999 999 54018.663385 0.473317 999 999 999 999 999 999 999
 SDSS15756 999 0.380000 999 22.421183 -0.002598 -0.960000 0.712288 -0.249989 0.060564 999 999 54035.761085 0.817437 999 999 999 999 999 999 999
 05D3lc 999 0.461000 999 22.978557 0.000838 -0.745220 0.107589 -0.046247 0.034033 999 999 53527.668365 0.138480 999 999 999 999 999 999 999
 SDSS13005 999 0.127000 999 19.887782 -0.002063 -0.333015 0.343082 -0.012280 0.055437 999 999 53964.573813 1.596826 999 999 999 999 999 999 999
 05D3jq 999 0.579000 999 23.296269 0.000825 1.520820 0.210594 0.005420 0.028232 999 999 53501.009904 0.403761 999 999 999 999 999 999 999
 05D2hc 999 0.350000 999 22.684634 0.002508 -0.674165 0.164414 0.037628 0.024599 999 999 53471.684910 0.141512 999 999 999 999 999 999 999
 04D2kr 999 0.744100 999 23.841051 0.002511 0.791419 0.393182 -0.025819 0.051525 999 999 53359.386359 0.461633 999 999 999 999 999 999 999
 SDSS17389 999 0.172000 999 20.778100 -0.002410 1.132410 0.376965 0.058478 0.033702 999 999 54352.995546 0.396332 999 999 999 999 999 999 999
 04D3co 999 0.620000 999 23.785140 0.000847 -0.665589 0.193462 -0.028376 0.045347 999 999 53101.474930 0.262062 999 999 999 999 999 999 999
 SDSS2635 999 0.143700 999 19.812989 -0.001139 0.863115 0.133627 -0.048931 0.023227 999 999 53640.272580 0.169973 999 999 999 999 999 999 999
 SDSS19002 999 0.268000 999 21.205989 -0.001542 0.324560 0.313481 -0.097402 0.037326 999 999 54393.132222 0.285028 999 999 999 999 999 999 999
 SDSS16793 999 0.222000 999 20.762053 -0.002525 0.541604 1.373946 -0.051107 0.050820 999 999 54070.786238 1.874486 999 999 999 999 999 999 999
 05D4cs 999 0.790000 999 23.959356 -0.002355 1.401399 0.227510 -0.119116 0.048339 999 999 53588.618312 0.313776 999 999 999 999 999 999 999
 05D3lb 999 0.647000 999 23.895878 0.000842 0.303216 0.199824 0.034079 0.063363 999 999 53528.653227 0.255870 999 999 999 999 999 999 999
 05D4bj 999 0.701000 999 24.097515 -0.002343 0.192560 0.443203 0.064181 0.064461 999 999 53564.043770 0.349435 999 999 999 999 999 999 999
 SDSS21033 999 0.229000 999 20.999764 -0.002015 -0.792808 0.518966 -0.087474 0.041187 999 999 54421.078270 0.555723 999 999 999 999 999 999 999
 SDSS13135 999 0.104670 999 19.371285 -0.002557 -1.413231 0.069422 -0.056755 0.020707 999 999 54003.618244 0.060305 999 999 999 999 999 999 999
 SDSS13425 999 0.211000 999 21.863298 -0.002637 -0.977551 0.559260 0.259540 0.057146 999 999 53993.011442 1.121124 999 999 999 999 999 999 999
 SDSS18809 999 0.129000 999 19.745198 -0.001212 -1.171984 0.179442 -0.076845 0.024448 999 999 54383.152222 0.268210 999 999 999 999 999 999 999
 04D1hy 999 0.850000 999 24.260584 -0.001751 1.160322 0.320943 -0.052468 0.062672 999 999 53264.651052 0.401665 999 999 999 999 999 999 999
 06D2ck 999 0.552000 999 23.413466 0.002513 0.009398 0.724521 -0.031412 0.069346 999 999 53793.697593 0.669828 999 999 999 999 999 999 999
 Eagle 999 1.020000 999 24.965285 0.000867 0.305009 0.291599 -0.103778 0.060279 999 999 53295.094941 0.696056 999 999 999 999 999 999 999
 05D1hm 999 0.587000 999 24.089815 -0.001721 1.096288 0.289279 0.148495 0.040638 999 999 53696.065978 0.403030 999 999 999 999 999 999 999
 SDSS18650 999 0.114000 999 19.403349 -0.002516 0.884955 0.116306 -0.043407 0.022194 999 999 54387.865303 0.128483 999 999 999 999 999 999 999
 SDSS18940 999 0.220000 999 20.965338 -0.002475 -0.943669 0.216043 -0.048601 0.035269 999 999 54396.724880 0.190947 999 999 999 999 999 999 999
 03D3cd 999 0.460700 999 22.578168 0.000853 1.860734 3.042718 -0.042984 0.200380 999 999 52801.728201 0.270703 999 999 999 999 999 999 999
 03D1dt 999 0.612000 999 23.289980 -0.001736 0.321724 0.865857 -0.084397 0.056776 999 999 52961.111780 1.026651 999 999 999 999 999 999 999
 04D1oh 999 0.590000 999 23.398928 -0.001747 -0.067794 0.205687 -0.070999 0.032587 999 999 53308.271036 0.205119 999 999 999 999 999 999 999
 06D4co 999 0.437000 999 22.527822 -0.002350 -0.404442 0.093364 -0.044327 0.023103 999 999 53940.300373 0.159979 999 999 999 999 999 999 999
 SDSS15466 999 0.247000 999 21.326007 -0.002300 -1.059524 0.392432 0.028147 0.046713 999 999 54036.651395 0.352911 999 999 999 999 999 999 999
 SDSS18486 999 0.246000 999 20.752583 -0.001046 1.113082 0.263792 -0.108705 0.034052 999 999 54390.102288 0.283523 999 999 999 999 999 999 999
 SDSS3080 999 0.175000 999 20.240385 -0.002330 0.119927 0.189980 -0.049742 0.024285 999 999 53647.652923 0.142854 999 999 999 999 999 999 999
 05D1ee 999 0.559000 999 23.525552 -0.001752 -0.609019 0.185920 -0.001416 0.034682 999 999 53660.635685 0.203373 999 999 999 999 999 999 999
 SDSS15674 999 0.198000 999 21.016127 -0.002648 -0.341568 0.302067 0.004397 0.037178 999 999 54040.283311 0.233271 999 999 999 999 999 999 999
 SDSS15229 999 0.224000 999 21.022898 -0.002556 0.686532 0.287231 -0.032497 0.037343 999 999 54033.215758 0.299443 999 999 999 999 999 999 999
 SDSS21042 999 0.312000 999 21.379419 -0.002236 1.247803 0.774106 -0.095161 0.051346 999 999 54423.401539 0.742125 999 999 999 999 999 999 999
 SDSS21006 999 0.291000 999 21.340533 -0.001329 -0.094894 0.777079 -0.124202 0.040493 999 999 54415.150128 0.530124 999 999 999 999 999 999 999
 SDSS16259 999 0.119080 999 20.037724 -0.002660 -1.539315 0.224480 0.075206 0.028278 999 999 54052.310220 0.199581 999 999 999 999 999 999 999
 SDSS2789 999 0.290300 999 21.563013 -0.002661 -0.758636 0.519563 -0.110571 0.052877 999 999 53636.324429 0.490041 999 999 999 999 999 999 999
 04D1iv 999 0.998000 999 24.543760 -0.001750 1.294493 0.339749 -0.121768 0.050978 999 999 53264.486051 0.477961 999 999 999 999 999 999 999
 SDSS10434 999 0.104180 999 19.154745 -0.002538 -0.005440 0.280871 -0.087407 0.026891 999 999 53696.470788 0.217687 999 999 999 999 999 999 999
 SDSS6936 999 0.181000 999 20.564956 -0.002410 0.027985 0.307570 -0.021316 0.028693 999 999 53680.619036 0.313141 999 999 999 999 999 999 999
 03D1ew 999 0.868000 999 24.317157 -0.001751 0.377483 0.432730 -0.062936 0.135894 999 999 52991.737975 0.910014 999 999 999 999 999 999 999
 SDSS19067 999 0.355000 999 21.770838 -0.002469 0.556179 0.769169 -0.065587 0.055290 999 999 54386.853634 0.847929 999 999 999 999 999 999 999
 Ombo 999 0.975000 999 24.886184 -0.000847 1.716618 0.295355 -0.004665 0.043875 999 999 53368.834911 0.552211 999 999 999 999 999 999 999
 SDSS5103 999 0.161900 999 20.357249 -0.002618 -0.229371 0.150699 0.016115 0.027650 999 999 53654.605140 0.149884 999 999 999 999 999 999 999
 04D1hd 999 0.369000 999 22.156664 -0.001739 0.789359 0.067896 -0.092397 0.027355 999 999 53268.297806 0.081516 999 999 999 999 999 999 999
 Vilas 999 0.935000 999 24.481989 0.000868 0.055773 0.289882 -0.025468 0.058850 999 999 52726.208717 1.361993 999 999 999 999 999 999 999
 SDSS15219 999 0.248000 999 21.055918 -0.001828 -0.146787 0.372554 -0.154035 0.035754 999 999 54030.969698 0.333953 999 999 999 999 999 999 999
 05D3mh 999 0.670000 999 24.059548 0.000850 0.557772 0.471506 0.054706 0.054187 999 999 53558.051259 0.530555 999 999 999 999 999 999 999
 06D4bo 999 0.552000 999 23.222105 -0.002359 0.763385 0.189788 -0.039783 0.035500 999 999 53918.737017 0.277922 999 999 999 999 999 999 999
 SDSS6422 999 0.184000 999 20.270989 -0.002661 0.808806 0.210814 -0.105530 0.023748 999 999 53667.978686 0.258070 999 999 999 999 999 999 999
 05D1kl 999 0.560000 999 24.151112 -0.001750 0.655267 0.296388 0.134181 0.040642 999 999 53742.926731 0.416113 999 999 999 999 999 999 999
 SDSS19101 999 0.187000 999 20.771798 -0.002508 -0.168777 0.214333 0.045639 0.029812 999 999 54395.198826 0.173768 999 999 999 999 999 999 999
 04D1pu 999 0.639000 999 24.010337 -0.001722 -1.597711 0.373532 0.102000 0.080667 999 999 53330.135899 0.493370 999 999 999 999 999 999 999
 06D2ga 999 0.840000 999 24.251852 0.002504 1.264737 0.695117 -0.058439 0.072353 999 999 53869.081892 0.664466 999 999 999 999 999 999 999
 SDSS21034 999 0.108560 999 19.589456 -0.002058 0.013951 0.281371 0.032081 0.024204 999 999 54426.030594 0.279960 999 999 999 999 999 999 999
 03D4cx 999 0.949000 999 24.407899 -0.002352 -0.104676 0.672871 0.056877 0.065021 999 999 52882.826790 1.125197 999 999 999 999 999 999 999
 sn2005kc 999 0.015120 999 15.472112 -0.000342 -0.697923 0.034836 0.148558 0.019325 999 999 53697.707505 0.031478 999 999 999 999 999 999 999
 06D3cc 999 0.683000 999 24.049071 0.000850 0.684566 0.632285 -0.001312 0.084030 999 999 53760.476713 0.737927 999 999 999 999 999 999 999
 SDSS19913 999 0.207000 999 20.818396 -0.002574 0.082692 0.339187 -0.059071 0.034229 999 999 54406.143232 0.349486 999 999 999 999 999 999 999
 sn2007bd 999 0.031018 999 16.559514 0.001305 -1.381121 0.064415 -0.048077 0.026731 999 999 54206.543434 0.056300 999 999 999 999 999 999 999
 SDSS18749 999 0.188000 999 21.075169 -0.002432 -1.441383 0.375616 0.065593 0.034064 999 999 54385.105863 0.432241 999 999 999 999 999 999 999
 SDSS16276 999 0.193000 999 20.739026 -0.002258 -0.018664 0.559039 -0.026411 0.032779 999 999 54057.368665 0.368036 999 999 999 999 999 999 999
 SDSS12843 999 0.166950 999 20.409715 -0.002420 -1.018789 0.298890 0.037450 0.034755 999 999 53982.098748 0.195491 999 999 999 999 999 999 999
 03D1ax 999 0.496000 999 22.963702 -0.001750 -0.730656 0.104317 -0.099637 0.035654 999 999 52915.921796 0.112395 999 999 999 999 999 999 999
 05D3cf 999 0.419000 999 22.940335 0.000871 -0.255379 0.173765 0.008277 0.027161 999 999 53418.812043 0.212713 999 999 999 999 999 999 999
 SDSS14397 999 0.371000 999 22.209886 -0.002520 -1.190870 0.604082 -0.220927 0.051107 999 999 54013.925329 0.744346 999 999 999 999 999 999 999
 SDSS15132 999 0.154300 999 19.759193 -0.002541 1.068461 0.146922 -0.133180 0.021898 999 999 54026.526524 0.138587 999 999 999 999 999 999 999
 04D4fx 999 0.629000 999 23.511659 -0.002349 0.953219 0.193244 -0.032943 0.050250 999 999 53242.511832 0.219497 999 999 999 999 999 999 999
 SDSS15201 999 0.208500 999 21.798777 -0.002625 -1.260639 0.458575 0.094148 0.040320 999 999 54028.296238 0.393971 999 999 999 999 999 999 999
 05D2ie 999 0.348000 999 22.227951 0.002507 -0.091062 0.139102 -0.075088 0.026012 999 999 53480.960395 0.129539 999 999 999 999 999 999 999
 sn2001bt 999 0.014640 999 15.266469 -0.001047 -0.865542 0.069403 0.163053 0.026530 999 999 52063.996597 0.071966 999 999 999 999 999 999 999
 sn2006ej 999 0.020267 999 15.723415 0.000262 -0.968573 0.082404 -0.027906 0.028159 999 999 53975.362454 0.346037 999 999 999 999 999 999 999
 sn2005al 999 0.012400 999 14.859336 -0.000178 -1.166643 0.028565 -0.087427 0.018969 999 999 53430.521793 0.081799 999 999 999 999 999 999 999
 SDSS17884 999 0.239000 999 20.858227 -0.002069 0.664125 0.285608 -0.124035 0.037599 999 999 54369.033527 0.271081 999 999 999 999 999 999 999
 06D4ce 999 0.850000 999 24.167647 -0.002366 1.733953 0.568605 -0.114783 0.060365 999 999 53926.816750 0.629006 999 999 999 999 999 999 999
 SDSS16352 999 0.248000 999 20.844782 -0.002664 0.273811 0.861813 -0.141756 0.040621 999 999 54059.081990 0.676810 999 999 999 999 999 999 999
 SDSS16350 999 0.236100 999 21.126529 -0.002426 -1.436644 0.574938 -0.091646 0.043962 999 999 54054.135028 0.439474 999 999 999 999 999 999 999
 SDSS18768 999 0.198000 999 20.996942 -0.002339 -0.446416 0.303811 -0.030248 0.039171 999 999 54378.986466 0.401753 999 999 999 999 999 999 999
 SDSS16072 999 0.277000 999 21.532749 -0.002569 0.275904 0.625378 -0.016232 0.053721 999 999 54046.850019 0.489424 999 999 999 999 999 999 999
 SDSS6406 999 0.124490 999 19.606343 -0.001410 0.118657 0.130260 -0.003538 0.021984 999 999 53674.772063 0.104767 999 999 999 999 999 999 999
 SDSS12856 999 0.171670 999 20.132631 -0.002578 0.860648 0.200835 -0.089660 0.023623 999 999 53996.914287 0.239212 999 999 999 999 999 999 999
 SDSS5844 999 0.310800 999 21.575569 -0.002503 0.392710 0.537762 -0.142152 0.043884 999 999 53663.635671 0.540300 999 999 999 999 999 999 999
 SDSS15897 999 0.170000 999 20.888000 -0.002433 -2.457550 0.260917 0.016121 0.036678 999 999 54041.524782 0.222659 999 999 999 999 999 999 999
 SDSS14108 999 0.133000 999 20.144945 -0.001093 0.246902 0.143211 -0.000764 0.024458 999 999 54010.209852 0.171463 999 999 999 999 999 999 999
 05D4dy 999 0.810000 999 24.577537 -0.002343 -0.376396 0.443130 -0.118534 0.074119 999 999 53616.381228 0.722372 999 999 999 999 999 999 999
 05D1cl 999 0.830000 999 24.335199 -0.001747 2.291872 0.345155 -0.070393 0.055955 999 999 53627.271237 0.496865 999 999 999 999 999 999 999
 SDSS2246 999 0.194900 999 20.980496 -0.001236 0.350403 0.369686 0.071597 0.037147 999 999 53634.176595 0.329134 999 999 999 999 999 999 999
 sn2007f 999 0.023590 999 15.876847 0.000467 0.618842 0.041400 -0.055389 0.026002 999 999 54124.058494 0.045232 999 999 999 999 999 999 999
 05D3ha 999 0.805000 999 24.368391 0.000836 -0.188522 3.303401 0.091806 0.078624 999 999 53484.825225 0.862073 999 999 999 999 999 999 999
 SDSS16165 999 0.157000 999 20.143703 -0.001953 0.344277 0.222939 -0.031970 0.024799 999 999 54052.896342 0.192045 999 999 999 999 999 999 999
 SDSS15504 999 0.251000 999 21.851890 -0.002657 2.338279 0.887451 0.205907 0.068746 999 999 54039.807610 0.578361 999 999 999 999 999 999 999
 04D2gc 999 0.521000 999 23.332162 0.002514 1.140115 0.213716 0.018300 0.039184 999 999 53118.116352 0.256738 999 999 999 999 999 999 999
 SDSS1241 999 0.090200 999 19.113090 -0.002611 -0.547641 0.078722 0.048956 0.022752 999 999 53635.370662 0.078456 999 999 999 999 999 999 999
 05D2ac 999 0.479000 999 22.675088 0.002500 1.113306 0.111545 -0.052614 0.024768 999 999 53374.624335 0.152984 999 999 999 999 999 999 999
 05D2my 999 0.981000 999 24.616453 0.002498 1.208409 0.473530 -0.035608 0.056156 999 999 53703.193608 0.957443 999 999 999 999 999 999 999
 SDSS16402 999 0.290000 999 20.859648 -0.002611 -0.864615 0.780404 -0.186533 0.042468 999 999 54059.496232 0.553796 999 999 999 999 999 999 999
 SDSS11300 999 0.146800 999 20.280950 -0.002520 -1.607030 0.680120 0.075083 0.033728 999 999 53699.544621 0.320212 999 999 999 999 999 999 999
 SDSS18612 999 0.114930 999 19.672170 -0.002436 -0.734056 0.132862 0.060110 0.022182 999 999 54383.703866 0.173427 999 999 999 999 999 999 999
 SDSS6924 999 0.328000 999 21.644647 -0.002618 0.908744 0.794718 -0.073040 0.043391 999 999 53674.587990 0.656251 999 999 999 999 999 999 999
 SDSS17745 999 0.060000 999 17.860955 -0.002583 1.070316 0.120896 -0.050137 0.025513 999 999 54372.433244 0.134474 999 999 999 999 999 999 999
 sn1992bh 999 0.045000 999 17.599365 -0.006958 -0.010708 0.152415 0.046891 0.045640 999 999 48920.396320 0.432504 999 999 999 999 999 999 999
 SDSS6315 999 0.267000 999 20.924965 -0.002126 -0.091409 0.364877 -0.194035 0.037766 999 999 53676.663647 0.331639 999 999 999 999 999 999 999
 05D2ob 999 0.924000 999 24.782371 0.002504 1.081972 0.653820 0.038486 0.065235 999 999 53727.981436 0.969381 999 999 999 999 999 999 999
 05D1dn 999 0.566000 999 23.287149 -0.001746 1.227927 0.235379 -0.021129 0.037943 999 999 53649.384539 0.329429 999 999 999 999 999 999 999
 SDSS2422 999 0.265000 999 21.149337 -0.002594 0.990766 0.322377 -0.171032 0.040531 999 999 53639.591730 0.343766 999 999 999 999 999 999 999
 sn1995ak 999 0.022719 999 16.002653 -0.000680 -1.090966 0.131280 0.074343 0.035784 999 999 50021.793578 0.387466 999 999 999 999 999 999 999
 SDSS12927 999 0.175000 999 20.349203 -0.001571 0.027136 0.324967 0.014727 0.034642 999 999 53988.933712 0.832965 999 999 999 999 999 999 999
 04D2mc 999 0.348000 999 22.508852 0.002512 -1.794688 0.124984 0.083001 0.029781 999 999 53367.174199 0.131965 999 999 999 999 999 999 999
 SDSS19899 999 0.091400 999 18.475523 -0.002648 0.284500 0.193716 -0.146391 0.021174 999 999 54418.759743 0.162658 999 999 999 999 999 999 999
 04D2fp 999 0.415000 999 22.548954 0.002503 0.385016 0.130502 -0.049087 0.033158 999 999 53107.436816 0.163114 999 999 999 999 999 999 999
 05D2ay 999 0.920000 999 24.611433 0.002510 -0.482482 0.598305 0.039717 0.090672 999 999 53375.260724 0.869579 999 999 999 999 999 999 999
 03D1fc 999 0.332000 999 21.860534 -0.001742 0.650510 0.118586 -0.017444 0.023814 999 999 53002.763693 0.104551 999 999 999 999 999 999 999
 04D4ii 999 0.866000 999 24.358253 -0.002354 1.344278 0.685694 0.000181 0.073455 999 999 53273.862586 0.528956 999 999 999 999 999 999 999
 05D1eo 999 0.737000 999 24.288545 -0.001741 -1.486736 0.363431 -0.051241 0.064655 999 999 53667.094312 0.490571 999 999 999 999 999 999 999
 SDSS20581 999 0.207000 999 20.611319 -0.002628 -0.459277 0.439920 -0.122402 0.033027 999 999 54416.949717 0.396836 999 999 999 999 999 999 999
 06D2cc 999 0.532000 999 23.458469 0.002502 -0.572143 0.328251 0.084253 0.049252 999 999 53788.586490 0.448563 999 999 999 999 999 999 999
 SDSS18091 999 0.371500 999 21.893423 -0.002170 -0.640961 0.730715 -0.195105 0.064789 999 999 54372.179625 0.608231 999 999 999 999 999 999 999
 03D4fd 999 0.791000 999 24.201201 -0.002361 0.784694 0.504232 -0.043440 0.071971 999 999 52938.527018 0.705093 999 999 999 999 999 999 999
 05D2bv 999 0.474000 999 22.718777 0.002513 -0.009760 0.123560 -0.104619 0.024970 999 999 53404.213756 0.141255 999 999 999 999 999 999 999
 SDSS2992 999 0.126600 999 20.040496 -0.001003 -0.968993 0.139781 0.106439 0.028563 999 999 53641.162192 0.195112 999 999 999 999 999 999 999
 sn2006bh 999 0.010900 999 14.326242 0.000610 -1.648751 0.032217 -0.083066 0.019408 999 999 53833.523790 0.039788 999 999 999 999 999 999 999
 04D3gx 999 0.910000 999 24.605568 0.000855 -0.450693 0.434507 -0.142218 0.057999 999 999 53125.845574 0.516971 999 999 999 999 999 999 999
 05D2ab 999 0.323000 999 21.992579 0.002513 -0.151194 0.084668 -0.038902 0.022267 999 999 53381.260662 0.102652 999 999 999 999 999 999 999
 SDSS18241 999 0.095000 999 19.174497 -0.002163 -1.123149 0.130201 -0.085470 0.025299 999 999 54372.950075 0.157304 999 999 999 999 999 999 999
 SDSS17464 999 0.247000 999 21.090863 -0.002526 0.083850 0.567511 0.052608 0.040532 999 999 54358.579161 1.166094 999 999 999 999 999 999 999
 06D3et 999 0.576000 999 23.458329 0.000843 -1.370786 0.151346 -0.074942 0.034026 999 999 53894.157584 0.191626 999 999 999 999 999 999 999
 04D2gp 999 0.732000 999 24.198823 0.002501 -1.350141 0.520821 -0.138378 0.098277 999 999 53110.448370 0.598834 999 999 999 999 999 999 999
 SDSS13655 999 0.252000 999 21.935548 -0.001666 -1.337562 0.584697 0.082446 0.047388 999 999 53999.850570 0.558764 999 999 999 999 999 999 999
 SDSS5751 999 0.130800 999 20.114922 -0.002440 0.679322 0.107279 0.146983 0.023665 999 999 53666.075953 0.120337 999 999 999 999 999 999 999
 SDSS17168 999 0.184000 999 20.596687 -0.002624 0.503775 0.306254 -0.039587 0.033205 999 999 54356.947392 0.286786 999 999 999 999 999 999 999
 SDSS4679 999 0.332400 999 22.091933 -0.002234 0.953609 0.885030 0.091067 0.063907 999 999 53654.326413 0.679059 999 999 999 999 999 999 999
 05D2ah 999 0.184000 999 20.757912 0.002513 -0.074987 0.047600 0.001007 0.025929 999 999 53382.699870 0.063355 999 999 999 999 999 999 999
 04D4bk 999 0.880000 999 24.285198 -0.002345 1.749032 0.432375 -0.105935 0.059527 999 999 53192.089989 0.485071 999 999 999 999 999 999 999
 05D2dy 999 0.510000 999 22.904286 0.002509 1.592446 0.306480 -0.119515 0.034909 999 999 53440.626017 0.766028 999 999 999 999 999 999 999
 SDSS13044 999 0.121000 999 19.576611 -0.002578 -0.014400 0.128499 -0.067844 0.022505 999 999 54003.155584 0.091380 999 999 999 999 999 999 999
 04D2mj 999 0.513000 999 23.780652 0.002504 1.531258 0.224416 0.156015 0.034571 999 999 53374.435828 0.270520 999 999 999 999 999 999 999
 SDSS2308 999 0.148000 999 19.594655 -0.000000 0.675563 0.123339 -0.181457 0.022148 999 999 53630.588001 0.136505 999 999 999 999 999 999 999
 SDSS13072 999 0.230630 999 21.091471 -0.002595 0.388098 0.389701 -0.013622 0.043337 999 999 53988.917638 0.474434 999 999 999 999 999 999 999
 SDSS13254 999 0.180660 999 21.149692 -0.001564 0.479218 0.543812 0.093007 0.043018 999 999 53994.280824 1.203532 999 999 999 999 999 999 999
 SDSS21861 999 0.188000 999 20.474904 -0.002652 0.132301 0.865745 -0.025415 0.052669 999 999 54432.820044 0.911598 999 999 999 999 999 999 999
 06D3fp 999 0.268000 999 21.709361 0.000837 -0.072743 0.054063 0.048421 0.022118 999 999 53905.332432 0.081113 999 999 999 999 999 999 999
 04D4jy 999 0.930000 999 24.707363 -0.002354 0.113039 2.259807 -0.110827 0.550846 999 999 53289.084744 1.183948 999 999 999 999 999 999 999
 05D2ct 999 0.734000 999 24.371881 0.002512 0.358237 0.466160 0.093385 0.068350 999 999 53425.177834 0.461694 999 999 999 999 999 999 999
 sn1993h 999 0.024207 999 16.677542 -0.000632 -2.156375 0.067380 0.111565 0.029178 999 999 49067.459274 0.259140 999 999 999 999 999 999 999
 04D1sk 999 0.663400 999 24.068247 -0.001753 0.445041 0.441972 0.085766 0.064926 999 999 53355.269562 0.525472 999 999 999 999 999 999 999
 05D1dx 999 0.580000 999 23.281256 -0.001725 0.649868 0.125429 -0.046105 0.036026 999 999 53666.524200 0.170733 999 999 999 999 999 999 999
 SDSS14298 999 0.262000 999 21.260251 -0.002238 1.298725 0.389120 -0.080860 0.042861 999 999 54012.468179 0.338929 999 999 999 999 999 999 999
 SDSS17332 999 0.182860 999 20.678742 -0.001506 -0.237141 0.271271 0.036796 0.034844 999 999 54358.077161 0.242454 999 999 999 999 999 999 999
 SDSS21502 999 0.089160 999 18.823309 -0.002633 -0.319578 0.240381 -0.051393 0.024075 999 999 54427.274801 0.207057 999 999 999 999 999 999 999
 SDSS4241 999 0.332000 999 21.962385 -0.002430 0.244542 0.674170 -0.056409 0.055470 999 999 53638.470983 0.721568 999 999 999 999 999 999 999
 05D4dw 999 0.855000 999 24.389327 -0.002350 0.367038 0.397492 0.006925 0.065819 999 999 53613.936226 0.640751 999 999 999 999 999 999 999
 SDSS13830 999 0.330000 999 21.644048 -0.002663 1.183686 0.621472 -0.020347 0.053519 999 999 53990.925309 0.736745 999 999 999 999 999 999 999
 SDSS7473 999 0.216000 999 20.883803 -0.002555 -0.182874 0.280071 -0.098002 0.034075 999 999 53679.549961 0.247373 999 999 999 999 999 999 999
 04D4jw 999 0.961000 999 24.714866 -0.002359 -0.684511 0.389955 -0.197019 0.063699 999 999 53286.371701 0.610543 999 999 999 999 999 999 999
 SDSS3199 999 0.251100 999 21.546442 -0.002588 1.620441 0.367182 0.005094 0.039294 999 999 53647.333257 0.371984 999 999 999 999 999 999 999
 05D4ej 999 0.585000 999 23.713958 -0.002344 0.210866 0.173534 -0.019953 0.035348 999 999 53627.790962 0.190312 999 999 999 999 999 999 999
 sn2007bc 999 0.020771 999 15.883955 0.001988 -1.223298 0.080546 -0.014083 0.028606 999 999 54200.353935 0.142024 999 999 999 999 999 999 999
 SDSS13506 999 0.243000 999 21.799946 -0.002115 -0.199985 0.672819 0.138601 0.050444 999 999 54000.581152 0.533111 999 999 999 999 999 999 999
 SDSS16206 999 0.152000 999 20.401398 -0.002546 -2.564333 0.556041 -0.008658 0.032166 999 999 54056.991290 0.249065 999 999 999 999 999 999 999
 sn2005eu 999 0.034897 999 16.427780 -0.000243 0.940431 0.095473 -0.086703 0.029828 999 999 53660.754857 0.102315 999 999 999 999 999 999 999
 sn1994m 999 0.023159 999 16.293125 0.003800 -1.526354 0.118046 0.056984 0.030570 999 999 49475.170889 0.278825 999 999 999 999 999 999 999
 05D2bw 999 0.920000 999 24.325445 0.002498 -0.315605 0.471920 -0.133548 0.061973 999 999 53400.210000 0.459553 999 999 999 999 999 999 999
 SDSS9467 999 0.218400 999 21.068039 -0.002532 -1.392059 0.370187 -0.141456 0.055855 999 999 53688.827220 0.335841 999 999 999 999 999 999 999
 SDSS19702 999 0.269000 999 21.593193 -0.001352 -1.094313 0.471555 -0.072732 0.050368 999 999 54397.224932 0.391786 999 999 999 999 999 999 999
 SDSS11067 999 0.114000 999 19.111650 -0.001872 1.732946 0.521370 -0.072460 0.026523 999 999 53702.777044 0.402280 999 999 999 999 999 999 999
 SDSS2372 999 0.180500 999 20.565477 -0.001619 0.279561 0.208947 0.030383 0.027749 999 999 53636.745441 0.221633 999 999 999 999 999 999 999
 SDSS13894 999 0.121000 999 20.317586 -0.002597 0.743079 0.166469 0.166052 0.027198 999 999 54013.687915 0.146296 999 999 999 999 999 999 999
 SDSS16032 999 0.204000 999 20.757026 -0.001479 -0.819382 0.242694 -0.108742 0.033685 999 999 54046.406631 0.178259 999 999 999 999 999 999 999
 SDSS12781 999 0.084310 999 19.384468 -0.002545 -1.831791 0.188074 0.036272 0.026775 999 999 53979.307996 0.223965 999 999 999 999 999 999 999
 05D3jh 999 0.718000 999 23.714242 0.000859 -0.624292 0.181952 -0.138134 0.049514 999 999 53492.654491 0.366302 999 999 999 999 999 999 999
 04D1pc 999 0.770000 999 24.528329 -0.001734 -0.338007 0.335926 0.087800 0.062061 999 999 53324.787402 0.463267 999 999 999 999 999 999 999
 SDSS6057 999 0.067070 999 18.638319 -0.001140 -0.420626 0.107621 0.108248 0.024978 999 999 53663.607659 0.100865 999 999 999 999 999 999 999
 sn1995ac 999 0.049902 999 17.045627 -0.001899 0.748623 0.121217 -0.038602 0.028150 999 999 49992.918494 0.133326 999 999 999 999 999 999 999
 SDSS19818 999 0.293000 999 21.507402 -0.001815 1.180979 0.550538 -0.005079 0.045729 999 999 54402.147346 0.404571 999 999 999 999 999 999 999
 05D3gv 999 0.715000 999 23.981628 0.000825 -0.836734 0.338325 -0.061619 0.062315 999 999 53466.562526 0.672249 999 999 999 999 999 999 999
 06D3gn 999 0.250000 999 21.861620 0.000865 -0.526776 0.095911 0.114974 0.025644 999 999 53921.236284 0.090994 999 999 999 999 999 999 999
 SDSS1032 999 0.129760 999 20.334767 -0.001404 -2.528371 0.200138 0.050794 0.036789 999 999 53626.522665 0.199018 999 999 999 999 999 999 999
 SDSS20039 999 0.247000 999 21.377996 -0.002474 0.725258 0.491218 0.060671 0.043812 999 999 54408.082753 0.509104 999 999 999 999 999 999 999
 SDSS19658 999 0.200000 999 20.709704 -0.002481 -0.006253 0.254242 -0.084334 0.035317 999 999 54401.812524 0.183570 999 999 999 999 999 999 999
 SDSS15421 999 0.185370 999 20.639610 -0.001869 0.175162 0.257388 -0.043714 0.026672 999 999 54035.159810 0.227359 999 999 999 999 999 999 999
 SDSS13610 999 0.298260 999 21.381570 -0.002477 0.079608 0.546338 -0.095507 0.042717 999 999 53997.009448 0.580894 999 999 999 999 999 999 999
 Gabi 999 1.120000 999 25.147156 0.000870 0.620447 0.307465 -0.075491 0.053198 999 999 53488.738557 0.523577 999 999 999 999 999 999 999
 SDSS5549 999 0.121000 999 19.646372 -0.002578 0.253293 0.097317 0.005374 0.022438 999 999 53666.084607 0.103651 999 999 999 999 999 999 999
 04D1pd 999 0.950000 999 24.631616 -0.001721 0.198795 0.420333 0.036646 0.058986 999 999 53318.505476 0.678484 999 999 999 999 999 999 999
 sn1992p 999 0.025401 999 16.047832 0.004730 0.743734 0.393973 -0.093531 0.043357 999 999 48718.558226 0.557700 999 999 999 999 999 999 999
 SDSS6699 999 0.310600 999 21.796426 -0.002404 -0.677981 0.876614 -0.139383 0.049207 999 999 53675.411402 0.582941 999 999 999 999 999 999 999
 03D4cy 999 0.927000 999 24.657213 -0.002349 0.862140 0.636621 -0.057908 0.070362 999 999 52900.097148 0.800104 999 999 999 999 999 999 999
 SDSS18804 999 0.192000 999 20.423253 -0.002114 0.946987 0.197555 -0.045849 0.024887 999 999 54392.807933 0.173510 999 999 999 999 999 999 999
 SDSS14331 999 0.214000 999 21.244687 -0.002506 0.142078 0.293974 0.014241 0.039147 999 999 54013.472648 0.302213 999 999 999 999 999 999 999
 04D1ow 999 0.915000 999 24.304267 -0.001732 -0.033241 0.284062 -0.165538 0.050763 999 999 53311.743597 0.342937 999 999 999 999 999 999 999
 05D2nn 999 0.870000 999 24.374097 0.002497 -0.981154 0.592519 -0.186241 0.056104 999 999 53713.194088 0.620887 999 999 999 999 999 999 999
 04D4im 999 0.751000 999 23.814157 -0.002358 0.955307 0.236802 0.030699 0.059113 999 999 53285.352213 0.310173 999 999 999 999 999 999 999
 SDSS6649 999 0.314000 999 21.594830 -0.001852 0.722339 0.618061 -0.088182 0.045241 999 999 53677.806099 0.601142 999 999 999 999 999 999 999
 03D4at 999 0.634000 999 23.738221 -0.002348 0.205063 0.359150 -0.052958 0.073507 999 999 52816.955164 0.600552 999 999 999 999 999 999 999
 05D2dt 999 0.574000 999 23.654857 0.002514 0.177628 0.271407 0.033057 0.035857 999 999 53450.661494 0.251878 999 999 999 999 999 999 999
 SDSS17171 999 0.160270 999 19.935595 -0.002472 -0.384006 0.343670 -0.141664 0.046827 999 999 54340.661415 1.665919 999 999 999 999 999 999 999
 SDSS20345 999 0.265000 999 21.266688 -0.002456 -1.685943 0.526659 -0.110518 0.043944 999 999 54418.208233 0.537777 999 999 999 999 999 999 999
 SDSS7147 999 0.110600 999 19.472085 -0.002661 -1.903540 0.157612 -0.094809 0.024035 999 999 53679.667561 0.136404 999 999 999 999 999 999 999
 05D4bf 999 0.589000 999 23.610721 -0.002345 0.078809 0.279065 -0.004569 0.049380 999 999 53551.033109 0.403440 999 999 999 999 999 999 999
 SDSS15301 999 0.248000 999 20.664734 -0.002437 -0.337912 0.200438 -0.138535 0.033040 999 999 54035.912467 0.214674 999 999 999 999 999 999 999
 sn1990af 999 0.050300 999 17.732314 -0.001615 -2.269918 0.112143 -0.048734 0.044282 999 999 48195.572347 0.138371 999 999 999 999 999 999 999
 Aphrodite 999 1.300000 999 25.691274 -0.000844 0.664138 0.357595 0.009845 0.036862 999 999 52552.127681 0.626759 999 999 999 999 999 999 999
 04D4dm 999 0.811000 999 24.374073 -0.002361 -0.272757 0.361660 -0.002421 0.067322 999 999 53199.656763 0.623766 999 999 999 999 999 999 999
 04D3do 999 0.610000 999 23.559042 0.000867 -0.840172 0.149420 -0.117378 0.033406 999 999 53112.978231 0.270017 999 999 999 999 999 999 999
 03D4ag 999 0.285000 999 21.255212 -0.002350 0.939613 0.106869 -0.084705 0.025817 999 999 52830.932282 0.095791 999 999 999 999 999 999 999
 03D4dh 999 0.627000 999 23.386233 -0.002360 1.127181 0.189435 -0.044009 0.055166 999 999 52906.262753 0.268672 999 999 999 999 999 999 999
 04D2fs 999 0.357000 999 22.425014 0.002511 0.094329 0.102835 0.060709 0.025632 999 999 53107.697265 0.128424 999 999 999 999 999 999 999
 SDSS13757 999 0.289000 999 21.262564 -0.002663 1.101536 0.429212 -0.166693 0.042407 999 999 53993.750152 0.630722 999 999 999 999 999 999 999
 04D1pp 999 0.735000 999 23.972061 -0.001742 -1.346650 0.232452 -0.113798 0.052375 999 999 53320.362152 0.348404 999 999 999 999 999 999 999
 SDSS762 999 0.191400 999 20.630289 -0.002371 1.124074 0.267015 -0.039029 0.030240 999 999 53625.148243 0.282586 999 999 999 999 999 999 999
 SDSS10028 999 0.065330 999 18.346608 -0.002245 -1.201432 0.187096 0.009999 0.025506 999 999 53693.661277 0.177058 999 999 999 999 999 999 999
 sn1992bc 999 0.020200 999 15.098582 0.001260 0.735397 0.090311 -0.110272 0.026479 999 999 48912.604617 0.065343 999 999 999 999 999 999 999
 05D2he 999 0.608000 999 23.927408 0.002510 0.153631 0.373478 0.064608 0.041365 999 999 53467.626912 0.466074 999 999 999 999 999 999 999
 sn1999bp 999 0.077000 999 18.365235 0.002654 0.600783 0.224730 -0.054994 0.032077 999 999 51264.287380 0.233178 999 999 999 999 999 999 999
 04D3gt 999 0.451000 999 23.246277 0.000832 -0.245760 0.116163 0.192514 0.046297 999 999 53137.853966 0.149894 999 999 999 999 999 999 999
 03D3aw 999 0.449000 999 22.669881 0.000842 0.807360 0.232379 -0.085860 0.038031 999 999 52767.327400 0.200995 999 999 999 999 999 999 999
 04D2al 999 0.836000 999 24.306667 0.002513 -1.331424 1.125817 -0.090348 0.082341 999 999 53034.719543 1.147416 999 999 999 999 999 999 999
 04D1dc 999 0.211000 999 21.055062 -0.001736 -1.237058 0.061482 -0.002498 0.025141 999 999 53230.680306 0.160006 999 999 999 999 999 999 999
 SDSS17218 999 0.179000 999 20.425921 -0.002635 -0.760372 0.403405 -0.084888 0.031661 999 999 54349.498054 0.542756 999 999 999 999 999 999 999
 SDSS20687 999 0.189000 999 21.107209 -0.002339 -0.599483 0.695369 0.146646 0.045399 999 999 54421.030073 0.718849 999 999 999 999 999 999 999
 sn1992bl 999 0.043700 999 17.321356 -0.002706 -1.713558 0.088229 -0.045387 0.046368 999 999 48947.273292 0.334779 999 999 999 999 999 999 999
 SDSS13511 999 0.237370 999 21.460410 -0.001598 -1.553097 0.455576 -0.095131 0.042366 999 999 54002.619593 0.324056 999 999 999 999 999 999 999
 SDSS15203 999 0.216000 999 20.728619 -0.002358 1.113876 0.266089 -0.024567 0.033130 999 999 54027.181453 0.269190 999 999 999 999 999 999 999
 04D3ks 999 0.750000 999 23.794862 0.000845 0.610283 0.412424 -0.030879 0.065538 999 999 53163.223472 0.397149 999 999 999 999 999 999 999
 SDSS8046 999 0.259300 999 21.619049 -0.001673 0.239544 0.474740 0.040635 0.047062 999 999 53683.331306 0.464445 999 999 999 999 999 999 999
 SDSS1580 999 0.184000 999 20.270912 -0.001431 0.880367 0.231216 -0.038314 0.027725 999 999 53634.026592 0.205129 999 999 999 999 999 999 999
 sn2007ci 999 0.018126 999 15.875734 0.001009 -2.724017 0.099480 0.026862 0.028329 999 999 54246.654274 0.064112 999 999 999 999 999 999 999
 SDSS13835 999 0.247700 999 21.074411 -0.002525 0.624875 0.248767 -0.078190 0.035885 999 999 54011.461233 0.262937 999 999 999 999 999 999 999
 SDSS17791 999 0.279000 999 21.738505 -0.002565 0.248115 0.756384 -0.186815 0.062143 999 999 54366.712837 0.553998 999 999 999 999 999 999 999
 SDSS17875 999 0.212000 999 21.021118 -0.002241 1.121208 0.320174 -0.030633 0.038450 999 999 54362.456863 0.401764 999 999 999 999 999 999 999
 SDSS13305 999 0.201000 999 20.848001 -0.002551 1.115022 0.309745 0.017694 0.033018 999 999 54003.846052 0.265256 999 999 999 999 999 999 999
 SDSS16021 999 0.124000 999 19.615565 -0.002397 -0.346996 0.127285 -0.037939 0.024175 999 999 54049.119830 0.113708 999 999 999 999 999 999 999
 SDSS17258 999 0.091000 999 18.816966 -0.001792 0.317920 0.210647 0.027303 0.033556 999 999 54342.577808 0.656460 999 999 999 999 999 999 999
 03D3ay 999 0.370900 999 22.273460 0.000860 0.568403 0.198180 -0.054161 0.032946 999 999 52767.624832 0.142184 999 999 999 999 999 999 999
 06D3em 999 0.690000 999 24.371473 0.000838 -0.148908 0.496370 0.177332 0.074094 999 999 53881.723454 0.700552 999 999 999 999 999 999 999
 sn2004gs 999 0.026700 999 17.132944 0.001689 -1.806177 0.031756 0.127508 0.019530 999 999 53355.884907 0.056626 999 999 999 999 999 999 999
 Patuxent 999 0.970000 999 25.020112 0.000862 -0.103892 0.629230 -0.218239 0.106515 999 999 53200.959603 1.126389 999 999 999 999 999 999 999
 SDSS15234 999 0.136300 999 20.459124 -0.002333 0.900294 0.204769 0.127758 0.028522 999 999 54032.802120 0.198342 999 999 999 999 999 999 999
 05D2cb 999 0.427000 999 23.400268 0.002503 0.888394 0.191529 0.159357 0.028814 999 999 53423.014962 0.196982 999 999 999 999 999 999 999
 sn2006al 999 0.067850 999 18.348038 0.002585 -1.409990 0.273899 -0.119832 0.036199 999 999 53787.192353 0.685476 999 999 999 999 999 999 999
 04D4in 999 0.516000 999 22.884043 -0.002360 1.535665 0.161804 -0.070351 0.036122 999 999 53278.572842 0.145814 999 999 999 999 999 999 999
 SDSS17366 999 0.139290 999 19.552632 -0.002250 0.567426 0.166157 -0.095520 0.022939 999 999 54351.464666 0.250985 999 999 999 999 999 999 999
 05D4ev 999 0.722000 999 24.228973 -0.002347 -1.108396 0.551675 -0.039869 0.063923 999 999 53631.285334 0.372478 999 999 999 999 999 999 999
 SDSS21510 999 0.149720 999 19.739056 -0.002513 -0.843859 0.339299 -0.155032 0.028597 999 999 54429.432414 0.303954 999 999 999 999 999 999 999
 SDSS17208 999 0.140000 999 19.980420 -0.002592 0.839933 0.368106 -0.068021 0.030505 999 999 54342.023351 1.070465 999 999 999 999 999 999 999
 SDSS20625 999 0.107960 999 19.478747 -0.002530 -0.106798 0.203843 -0.004307 0.023961 999 999 54423.595380 0.175100 999 999 999 999 999 999 999
 04D4ib 999 0.699000 999 23.582085 -0.002348 0.966179 0.228766 -0.137366 0.053187 999 999 53267.429307 0.290484 999 999 999 999 999 999 999
 SDSS5550 999 0.156100 999 19.864340 -0.002575 1.893064 0.198284 -0.048820 0.021889 999 999 53671.496605 0.204171 999 999 999 999 999 999 999
 SDSS5717 999 0.251700 999 21.337253 -0.002309 1.420177 0.338336 -0.029555 0.035031 999 999 53664.203379 0.315990 999 999 999 999 999 999 999
 SDSS17253 999 0.156000 999 19.968207 -0.002575 -0.196456 0.420519 -0.122155 0.065838 999 999 54341.619098 1.320022 999 999 999 999 999 999 999
 SDSS20142 999 0.316000 999 21.288947 -0.002179 0.849468 0.676772 -0.091692 0.040368 999 999 54412.642949 0.484476 999 999 999 999 999 999 999
 05D4af 999 0.499000 999 23.106652 -0.002349 0.151133 0.253460 -0.026386 0.038475 999 999 53536.771159 0.328668 999 999 999 999 999 999 999
 SDSS6108 999 0.259500 999 21.524499 -0.002588 0.459560 0.633981 0.035718 0.043135 999 999 53675.204431 0.613650 999 999 999 999 999 999 999
 SDSS17223 999 0.235000 999 20.861962 -0.002093 1.015109 0.670751 -0.070372 0.044419 999 999 54347.008340 1.628361 999 999 999 999 999 999 999
 SDSS12928 999 0.139700 999 19.894622 -0.001944 -0.557692 0.381426 -0.064029 0.032959 999 999 53972.953455 1.111469 999 999 999 999 999 999 999
 SDSS3901 999 0.062820 999 18.038697 -0.000004 1.183474 0.076544 0.040914 0.023473 999 999 53657.000257 0.090691 999 999 999 999 999 999 999
 SDSS20245 999 0.302000 999 21.669281 -0.002653 -0.592449 0.899765 0.045777 0.054662 999 999 54411.891108 0.588207 999 999 999 999 999 999 999
 SDSS2031 999 0.153000 999 19.678564 -0.002148 0.506740 0.140461 -0.129636 0.023067 999 999 53636.918528 0.139257 999 999 999 999 999 999 999
 05D4dt 999 0.407000 999 22.802780 -0.002350 -0.984451 0.105946 -0.049593 0.024187 999 999 53609.572722 0.173487 999 999 999 999 999 999 999
 05D3ax 999 0.643000 999 23.612450 0.000848 0.595723 3.388207 -0.063327 0.241435 999 999 53399.921021 1.069000 999 999 999 999 999 999 999
 sn1992al 999 0.014615 999 14.458924 -0.000437 -0.166844 0.084193 -0.108208 0.026735 999 999 48838.335944 0.127373 999 999 999 999 999 999 999
 03D3bl 999 0.355300 999 22.926750 0.000833 0.057618 0.193050 0.205427 0.029828 999 999 52787.142129 0.289761 999 999 999 999 999 999 999
 SDSS15776 999 0.317600 999 21.846808 -0.001880 -2.278859 0.577747 -0.146176 0.050270 999 999 54033.829910 0.490099 999 999 999 999 999 999 999
 SDSS13736 999 0.150400 999 19.969777 -0.002625 1.116846 0.164498 -0.026847 0.023148 999 999 54015.785800 0.131859 999 999 999 999 999 999 999
 SDSS15453 999 0.175000 999 20.546989 -0.002348 1.149480 0.257202 -0.024269 0.029436 999 999 54038.180236 0.181637 999 999 999 999 999 999 999
 Lancaster 999 1.230000 999 26.046588 0.000868 -0.084478 0.689713 0.086889 0.048286 999 999 53431.848692 1.582500 999 999 999 999 999 999 999
 SDSS13354 999 0.157630 999 20.297005 -0.002064 1.038311 0.164553 0.089259 0.027809 999 999 54006.604734 0.174257 999 999 999 999 999 999 999
 05D3lr 999 0.600000 999 23.846779 0.000818 0.181969 0.344786 0.103471 0.039450 999 999 53541.025431 0.312969 999 999 999 999 999 999 999
 04D1hx 999 0.560000 999 23.702536 -0.001746 0.290134 0.189869 0.114740 0.034921 999 999 53260.057892 0.268558 999 999 999 999 999 999 999
 SDSS12860 999 0.121700 999 20.207400 -0.002441 -0.303474 0.200379 0.140889 0.028632 999 999 53993.777003 0.278723 999 999 999 999 999 999 999
 05D4cw 999 0.375000 999 22.145658 -0.002350 -0.832972 0.103648 -0.127654 0.029839 999 999 53580.417404 0.164279 999 999 999 999 999 999 999
 SDSS18807 999 0.177000 999 20.589405 -0.001384 0.470732 0.243176 -0.012134 0.027724 999 999 54390.270703 0.236354 999 999 999 999 999 999 999
 06D2ca 999 0.531000 999 23.315587 0.002502 1.306211 0.350427 0.047182 0.031903 999 999 53795.718760 0.453901 999 999 999 999 999 999 999
 06D4ba 999 0.700000 999 23.721495 -0.002343 0.692199 0.413517 -0.095146 0.070801 999 999 53904.789553 0.504523 999 999 999 999 999 999 999
 SDSS19757 999 0.403000 999 21.990314 -0.002664 0.170448 0.890471 -0.104743 0.061365 999 999 54400.459754 0.824860 999 999 999 999 999 999 999
 04D3fq 999 0.742000 999 24.080908 0.000869 -0.399187 0.388384 -0.037024 0.069146 999 999 53120.187017 0.501808 999 999 999 999 999 999 999
 SDSS4000 999 0.278600 999 21.898665 -0.001954 -1.039338 0.595615 -0.011839 0.061890 999 999 53643.056000 0.778145 999 999 999 999 999 999 999
 04D1qd 999 0.767000 999 24.227383 -0.001736 0.181234 0.273042 0.012872 0.052591 999 999 53329.533591 0.369847 999 999 999 999 999 999 999
 05D1em 999 0.866000 999 24.237962 -0.001750 0.228010 0.285984 -0.136547 0.057657 999 999 53667.792981 0.393466 999 999 999 999 999 999 999
 05D1er 999 0.860000 999 24.581780 -0.001744 0.481800 0.437262 0.085341 0.071265 999 999 53667.242319 0.582290 999 999 999 999 999 999 999
 SDSS5635 999 0.179500 999 20.907805 -0.002579 0.037466 0.390866 -0.028066 0.036087 999 999 53662.307320 0.313231 999 999 999 999 999 999 999
 05D4ef 999 0.605000 999 23.832600 -0.002339 -1.554681 0.207900 -0.071677 0.035925 999 999 53625.594066 0.279029 999 999 999 999 999 999 999
 05D3dh 999 0.800000 999 24.181489 0.000841 0.094687 0.311776 0.124596 0.063902 999 999 53442.390199 0.665991 999 999 999 999 999 999 999
 sn1996bl 999 0.036000 999 16.642105 -0.002403 -0.027322 0.133725 -0.010540 0.027886 999 999 50376.549040 0.169964 999 999 999 999 999 999 999
 SDSS17809 999 0.282000 999 21.477751 -0.002525 1.522764 0.426655 0.029999 0.041137 999 999 54370.574833 0.318393 999 999 999 999 999 999 999
 SDSS5391 999 0.300900 999 21.701793 -0.001152 0.260602 0.598864 -0.031138 0.057707 999 999 53658.690614 0.583147 999 999 999 999 999 999 999
 SDSS18415 999 0.130970 999 19.863459 -0.002613 -1.623581 0.175392 -0.086807 0.028638 999 999 54381.428034 0.244719 999 999 999 999 999 999 999
 05D3jr 999 0.370000 999 22.629433 0.000841 -0.887541 0.119715 0.048471 0.022952 999 999 53494.659162 0.268396 999 999 999 999 999 999 999
 SDSS18375 999 0.108500 999 19.335309 -0.002450 0.159834 0.126175 0.065961 0.020872 999 999 54383.900386 0.219327 999 999 999 999 999 999 999
 SDSS20088 999 0.244900 999 20.933604 -0.002408 -0.241121 0.208491 -0.162163 0.031613 999 999 54407.846217 0.224980 999 999 999 999 999 999 999
 SDSS17801 999 0.206400 999 21.180876 -0.002251 -0.675372 0.531972 -0.017035 0.059877 999 999 54365.722192 0.330292 999 999 999 999 999 999 999
 04D1de 999 0.768000 999 24.116229 -0.001732 0.904974 0.343407 -0.124085 0.054662 999 999 53246.001608 0.249682 999 999 999 999 999 999 999
 SDSS14318 999 0.057830 999 17.969197 -0.002650 -1.517944 0.525148 -0.002747 0.030508 999 999 54068.896170 0.584597 999 999 999 999 999 999 999
 SDSS18463 999 0.268000 999 21.322236 -0.002313 0.943315 0.424247 -0.043207 0.047606 999 999 54376.517028 0.441385 999 999 999 999 999 999 999
 sn1999ao 999 0.053900 999 17.858156 0.002123 0.258315 0.347790 -0.020490 0.036939 999 999 51243.725337 0.740849 999 999 999 999 999 999 999
 SDSS20106 999 0.333000 999 22.047719 -0.002673 -0.983596 0.719156 -0.113803 0.067179 999 999 54404.136712 0.793298 999 999 999 999 999 999 999
 SDSS9032 999 0.254000 999 21.348252 -0.002616 0.872249 0.632591 0.016154 0.053879 999 999 53688.940114 0.498994 999 999 999 999 999 999 999
 SDSS14735 999 0.301100 999 21.706527 -0.001820 -0.085663 0.420573 0.032928 0.044634 999 999 54013.810107 0.483893 999 999 999 999 999 999 999
 sn1990o 999 0.030664 999 16.218784 -0.000714 0.474524 0.175081 -0.045662 0.030048 999 999 48076.402802 0.412931 999 999 999 999 999 999 999
 SDSS15443 999 0.181910 999 20.189974 -0.001268 1.561567 0.180579 -0.041257 0.023888 999 999 54041.289327 0.167516 999 999 999 999 999 999 999
 03D1bp 999 0.347000 999 22.397426 -0.001729 -1.154893 0.122014 -0.041405 0.037023 999 999 52920.249150 0.103650 999 999 999 999 999 999 999
 04D4hu 999 0.703000 999 23.911954 -0.002350 0.053682 0.266857 -0.107512 0.058640 999 999 53256.897069 0.411459 999 999 999 999 999 999 999
 SDSS19990 999 0.246000 999 21.378318 -0.001831 -1.312578 0.333793 -0.086146 0.045543 999 999 54403.328741 0.298056 999 999 999 999 999 999 999
 05D4ag 999 0.640000 999 23.886361 -0.002340 0.523245 0.478807 0.091201 0.059278 999 999 53538.622415 0.488389 999 999 999 999 999 999 999
 SDSS8213 999 0.184700 999 21.106293 -0.002623 -0.657366 0.327837 0.160142 0.037578 999 999 53683.728693 0.291547 999 999 999 999 999 999 999
 SDSS16232 999 0.367000 999 22.136079 -0.002320 -0.145041 0.917510 -0.111238 0.071309 999 999 54045.027156 0.867215 999 999 999 999 999 999 999
 SDSS20364 999 0.215000 999 21.109026 -0.002110 0.568979 0.833599 0.034833 0.042861 999 999 54419.980697 0.865294 999 999 999 999 999 999 999
 SDSS16116 999 0.150000 999 19.967910 -0.002645 0.507745 0.287849 -0.097620 0.025220 999 999 54053.281016 0.233316 999 999 999 999 999 999 999
 SDSS14846 999 0.224700 999 20.940567 -0.002519 0.633420 0.293139 -0.044574 0.037387 999 999 54024.972808 0.281613 999 999 999 999 999 999 999
 SDSS20144 999 0.220000 999 20.771212 -0.002404 0.204731 0.593878 -0.096877 0.033345 999 999 54415.958774 0.540963 999 999 999 999 999 999 999
 SDSS14019 999 0.216400 999 21.431941 -0.002268 -0.313960 0.388162 -0.021617 0.045586 999 999 54012.203886 0.396567 999 999 999 999 999 999 999
 sn1993b 999 0.069000 999 18.397848 0.002341 -0.438572 0.293978 0.016040 0.056535 999 999 49004.752130 0.802948 999 999 999 999 999 999 999
 04D1si 999 0.702000 999 23.849417 -0.001747 0.136490 0.297458 -0.010991 0.054016 999 999 53359.928158 0.368190 999 999 999 999 999 999 999
 05D1iz 999 0.860000 999 24.389194 -0.001733 1.149005 0.695789 -0.131664 0.077525 999 999 53694.624241 0.821762 999 999 999 999 999 999 999
 SDSS2533 999 0.340000 999 21.772577 -0.001945 1.735285 0.754108 -0.077258 0.054068 999 999 53640.346146 0.663841 999 999 999 999 999 999 999
 SDSS6249 999 0.294400 999 21.783650 -0.002568 0.582953 0.685789 0.031708 0.048543 999 999 53675.382734 0.651862 999 999 999 999 999 999 999
 04D1rx 999 0.985000 999 24.703486 -0.001743 0.595811 0.449473 -0.100494 0.058539 999 999 53352.532447 0.843948 999 999 999 999 999 999 999
 SDSS20575 999 0.196000 999 20.620061 -0.002452 0.161051 0.494082 0.034213 0.032157 999 999 54416.307933 0.446101 999 999 999 999 999 999 999
 03D1co 999 0.679000 999 24.073018 -0.001731 0.662075 2.759752 -0.040519 0.219513 999 999 52954.492708 2.042364 999 999 999 999 999 999 999
 SDSS16281 999 0.184000 999 20.471739 -0.002661 -0.873314 0.510265 -0.073171 0.032311 999 999 54055.402927 0.345141 999 999 999 999 999 999 999
 SDSS6304 999 0.190800 999 20.947992 -0.002098 -0.536773 0.381426 0.068477 0.030126 999 999 53673.088657 0.271036 999 999 999 999 999 999 999
 05D3gp 999 0.580000 999 23.520917 0.000830 -0.489166 0.841959 -0.074066 0.058901 999 999 53454.934771 0.365342 999 999 999 999 999 999 999
 05D4ff 999 0.402000 999 22.589427 -0.002348 -0.729715 0.121180 -0.003183 0.025615 999 999 53635.844654 0.127553 999 999 999 999 999 999 999
 05D1cc 999 0.564000 999 23.509625 -0.001735 -0.152151 0.152445 -0.006525 0.031033 999 999 53607.888997 0.230053 999 999 999 999 999 999 999
 SDSS7847 999 0.212400 999 21.202001 -0.001899 0.087975 0.388052 0.120192 0.037367 999 999 53682.018975 0.367004 999 999 999 999 999 999 999
 SDSS2102 999 0.095100 999 18.637390 -0.002162 1.272736 0.195995 -0.110836 0.021738 999 999 53620.188966 0.503540 999 999 999 999 999 999 999
 06D3gh 999 0.720000 999 23.903153 0.000858 0.233426 0.455696 -0.071281 0.066027 999 999 53922.826306 0.376060 999 999 999 999 999 999 999
 05D1cb 999 0.632000 999 23.700323 -0.001732 -0.260723 0.235358 0.006574 0.081594 999 999 53616.782995 0.304229 999 999 999 999 999 999 999
 SDSS8921 999 0.145300 999 19.966725 -0.002447 0.870878 0.254801 0.001223 0.028403 999 999 53693.043948 0.197778 999 999 999 999 999 999 999
 04D3ez 999 0.263000 999 21.664205 0.000837 -1.085603 0.083595 0.027404 0.027028 999 999 53115.464400 0.130507 999 999 999 999 999 999 999
 SDSS12950 999 0.082660 999 18.913928 -0.002669 -0.331291 0.061091 -0.005196 0.020616 999 999 54000.046058 0.068172 999 999 999 999 999 999 999
 SDSS3317 999 0.161100 999 20.349431 -0.002077 -0.521082 0.182303 0.021083 0.026036 999 999 53646.416425 0.169189 999 999 999 999 999 999 999
 SDSS13025 999 0.225000 999 21.235378 -0.002643 0.742982 0.302762 0.029083 0.038286 999 999 53990.653877 0.449257 999 999 999 999 999 999 999
 03D4gf 999 0.580000 999 23.325699 -0.002349 0.510371 0.323433 -0.035659 0.040020 999 999 52936.582148 0.419456 999 999 999 999 999 999 999
 03D4au 999 0.468000 999 23.792915 -0.002347 0.378068 0.331205 0.121247 0.043175 999 999 52816.182829 0.504988 999 999 999 999 999 999 999
 SDSS4046 999 0.277000 999 21.520505 -0.002654 0.798174 0.529204 0.002525 0.045055 999 999 53645.760829 0.512088 999 999 999 999 999 999 999
 SDSS8719 999 0.117800 999 19.417185 -0.002507 -0.021829 0.161792 -0.066271 0.023809 999 999 53690.032923 0.105736 999 999 999 999 999 999 999
 SDSS15057 999 0.299000 999 21.845522 -0.002308 -2.485234 0.582552 -0.058964 0.059410 999 999 54017.259563 0.388122 999 999 999 999 999 999 999
 SDSS18325 999 0.255000 999 21.276492 -0.002493 0.388425 0.368843 -0.055656 0.044015 999 999 54378.645117 0.426116 999 999 999 999 999 999 999
 SDSS15365 999 0.178000 999 20.502469 -0.002656 0.829778 0.230707 -0.036892 0.027505 999 999 54038.073790 0.184373 999 999 999 999 999 999 999
 SDSS18466 999 0.213000 999 21.091881 -0.001325 -0.175695 0.243080 0.031687 0.035170 999 999 54381.411380 0.344013 999 999 999 999 999 999 999
 03D1au 999 0.504300 999 23.004979 -0.001756 1.274493 0.153579 -0.012602 0.034998 999 999 52909.746022 0.215419 999 999 999 999 999 999 999
 05D3mq 999 0.246000 999 21.502891 0.000857 -0.683955 0.170447 -0.000701 0.025978 999 999 53575.757829 0.158325 999 999 999 999 999 999 999
 SDSS6196 999 0.280700 999 21.551202 -0.002613 -1.519349 0.556718 -0.016903 0.047860 999 999 53669.471008 0.525392 999 999 999 999 999 999 999
 sn1996c 999 0.029590 999 16.626484 0.002384 0.660037 0.128369 0.064465 0.029154 999 999 50129.043543 0.339975 999 999 999 999 999 999 999
 05D2dw 999 0.417000 999 22.471021 0.002501 1.142619 0.164478 -0.013335 0.024822 999 999 53454.421217 0.129344 999 999 999 999 999 999 999
 SDSS17629 999 0.136900 999 20.056986 -0.001949 -0.348245 0.145332 0.060351 0.026644 999 999 54370.399365 0.111922 999 999 999 999 999 999 999
 SDSS15425 999 0.159890 999 19.905470 -0.001011 0.971041 0.165681 -0.006092 0.023072 999 999 54038.060543 0.150332 999 999 999 999 999 999 999
 SDSS15356 999 0.276000 999 21.436653 -0.002605 -0.704680 0.485458 -0.049380 0.046266 999 999 54029.242233 0.461419 999 999 999 999 999 999 999
 SDSS16618 999 0.193200 999 20.463682 -0.002221 -0.828193 0.611535 -0.098031 0.032475 999 999 54067.237718 0.706772 999 999 999 999 999 999 999
 SDSS18485 999 0.279000 999 21.277675 -0.001325 1.315895 0.420513 -0.088085 0.040244 999 999 54388.937517 0.453356 999 999 999 999 999 999 999
 SDSS15440 999 0.253000 999 21.586138 -0.001647 -0.619895 0.505551 0.066082 0.044551 999 999 54030.998841 0.416930 999 999 999 999 999 999 999
 06D3do 999 0.726000 999 23.884085 0.000854 0.624587 0.495922 -0.069248 0.054456 999 999 53849.501920 1.512527 999 999 999 999 999 999 999
 05D3ht 999 0.901000 999 24.365309 0.000841 0.896754 0.385362 -0.155320 0.056739 999 999 53489.252621 0.458117 999 999 999 999 999 999 999
 sn2006td 999 0.015878 999 15.702572 0.000259 -1.321477 0.107536 0.090452 0.027013 999 999 54098.981080 0.237583 999 999 999 999 999 999 999
 03D4dy 999 0.610000 999 23.244928 -0.002347 1.141310 0.182636 -0.097292 0.035786 999 999 52904.252695 0.257919 999 999 999 999 999 999 999
 sn2005ki 999 0.019607 999 15.523457 0.001680 -1.388274 0.030336 -0.097066 0.019539 999 999 53705.227776 0.049657 999 999 999 999 999 999 999
 05D4fo 999 0.373000 999 22.438176 -0.002361 -0.702935 0.087781 -0.052484 0.022457 999 999 53658.222682 0.079894 999 999 999 999 999 999 999
 05D4fg 999 0.839000 999 24.158435 -0.002358 0.274667 0.266335 -0.157174 0.055973 999 999 53641.770891 0.414699 999 999 999 999 999 999 999
 SDSS13038 999 0.104000 999 19.204125 -0.002677 1.419683 0.145945 -0.023152 0.023005 999 999 53988.649483 0.135866 999 999 999 999 999 999 999
 sn1992bo 999 0.018509 999 15.766246 0.000838 -2.013519 0.066258 -0.042935 0.029149 999 999 48986.149404 0.068967 999 999 999 999 999 999 999
 04D3fk 999 0.357800 999 22.515137 0.000857 -0.388279 0.081498 0.077931 0.032816 999 999 53126.929253 0.084420 999 999 999 999 999 999 999
 SDSS15901 999 0.199000 999 20.772928 -0.001921 0.030188 0.259980 -0.040620 0.030800 999 999 54045.458228 0.204145 999 999 999 999 999 999 999
 04D1kj 999 0.585000 999 23.338034 -0.001723 0.218359 0.125746 -0.064278 0.029231 999 999 53297.243696 0.167526 999 999 999 999 999 999 999
 SDSS16473 999 0.211000 999 20.737729 -0.002512 -1.072424 0.868245 -0.148190 0.041382 999 999 54062.360346 0.836619 999 999 999 999 999 999 999
 SDSS18787 999 0.193000 999 21.199876 -0.001985 0.145968 0.436992 0.035636 0.033281 999 999 54387.249494 0.448271 999 999 999 999 999 999 999
 04D1jg 999 0.584200 999 23.274673 -0.001739 0.265142 0.157670 -0.104812 0.033395 999 999 53273.566657 0.213728 999 999 999 999 999 999 999
 SDSS12855 999 0.172000 999 20.779866 -0.002540 -1.920467 0.299131 0.040953 0.036058 999 999 53996.151148 0.327359 999 999 999 999 999 999 999
 SDSS19207 999 0.258700 999 21.464732 -0.002572 0.432043 0.558189 0.007856 0.052290 999 999 54382.872914 0.767252 999 999 999 999 999 999 999
 SDSS18602 999 0.135000 999 20.088878 -0.002642 0.915683 0.181574 0.062157 0.027934 999 999 54393.768363 0.132731 999 999 999 999 999 999 999
 SDSS18030 999 0.156410 999 20.383473 -0.002536 -0.605783 0.244878 -0.052017 0.033507 999 999 54373.102750 0.201458 999 999 999 999 999 999 999
 sn2005bg 999 0.023100 999 15.846775 0.003152 0.397300 0.056075 -0.032754 0.018761 999 999 53469.933626 0.117949 999 999 999 999 999 999 999
 SDSS8495 999 0.214400 999 20.818296 -0.002594 0.752183 0.462808 -0.023261 0.041468 999 999 53689.900309 0.344898 999 999 999 999 999 999 999
 SDSS18855 999 0.127830 999 19.698372 -0.001310 0.248046 0.143842 -0.027861 0.022489 999 999 54385.974690 0.208008 999 999 999 999 999 999 999
 04D2mh 999 0.590000 999 23.388154 0.002505 1.587100 0.172953 0.016651 0.032957 999 999 53376.340351 0.248358 999 999 999 999 999 999 999
 05D1ck 999 0.617000 999 24.070294 -0.001749 -0.093086 0.412795 0.100517 0.057211 999 999 53628.258662 0.263884 999 999 999 999 999 999 999
 SDSS1371 999 0.119090 999 19.049932 -0.002679 0.789719 0.095938 -0.101321 0.021756 999 999 53633.310774 0.106022 999 999 999 999 999 999 999
 05D2fq 999 0.733000 999 23.988541 0.002500 0.838782 0.376143 -0.075986 0.057392 999 999 53463.304836 0.528056 999 999 999 999 999 999 999
 SDSS17825 999 0.161000 999 20.408751 -0.001890 -0.148782 0.158767 0.006304 0.027302 999 999 54367.018267 0.156527 999 999 999 999 999 999 999
 05D3jb 999 0.745000 999 23.907688 0.000827 0.929966 0.231377 -0.067399 0.049909 999 999 53515.297967 0.249933 999 999 999 999 999 999 999
 SDSS20040 999 0.285000 999 21.245798 -0.002519 0.704873 0.624827 -0.110414 0.043846 999 999 54410.788898 0.499345 999 999 999 999 999 999 999
 SDSS5957 999 0.279600 999 21.447920 -0.001834 -0.182413 0.424908 -0.121728 0.041125 999 999 53666.669007 0.379010 999 999 999 999 999 999 999
 06D4dh 999 0.303000 999 21.440799 -0.002351 0.517061 0.063114 -0.161646 0.021622 999 999 53956.881029 0.067127 999 999 999 999 999 999 999
 04D3nr 999 0.960000 999 24.542661 0.000832 0.255383 0.486028 0.020838 0.057628 999 999 53185.960336 0.597988 999 999 999 999 999 999 999
 06D2fb 999 0.124000 999 19.757664 0.002506 -0.356579 0.055097 -0.019409 0.025343 999 999 53853.756895 0.079614 999 999 999 999 999 999 999
 SDSS15467 999 0.210410 999 20.590353 -0.002351 0.801225 0.260641 -0.067888 0.033458 999 999 54038.902825 0.194522 999 999 999 999 999 999 999
 04D4ic 999 0.687000 999 24.111010 -0.002345 -1.001286 0.503829 -0.021503 0.072695 999 999 53256.439118 0.782462 999 999 999 999 999 999 999
 sn2004ey 999 0.015800 999 14.666218 -0.000261 0.097351 0.017739 -0.132941 0.018006 999 999 53304.539857 0.021588 999 999 999 999 999 999 999
 04D4bq 999 0.550000 999 23.340022 -0.002348 0.654056 0.260428 0.099764 0.038614 999 999 53193.687212 0.298492 999 999 999 999 999 999 999
 SDSS14157 999 0.211500 999 20.480609 -0.001219 1.142595 0.267302 -0.056824 0.031943 999 999 54013.952662 0.251491 999 999 999 999 999 999 999
 SDSS13641 999 0.210000 999 20.760392 -0.002658 1.026376 0.286599 -0.031028 0.033284 999 999 54004.831367 0.290527 999 999 999 999 999 999 999
 sn1992ae 999 0.075000 999 18.413939 -0.000851 -0.709751 0.155190 -0.022168 0.053926 999 999 48804.257668 0.547575 999 999 999 999 999 999 999
 06D3bz 999 0.727000 999 23.933988 0.000849 -0.799908 0.745542 -0.105126 0.067175 999 999 53776.524753 0.582896 999 999 999 999 999 999 999
 SDSS13689 999 0.251600 999 20.966388 -0.002569 1.161812 0.384180 -0.147851 0.038750 999 999 54000.151265 0.476532 999 999 999 999 999 999 999
 sn2007qe 999 0.024000 999 16.049623 -0.000282 0.760377 0.045646 0.052278 0.026197 999 999 54429.852079 0.037482 999 999 999 999 999 999 999
 SDSS17552 999 0.250000 999 21.301610 -0.002399 1.243186 0.410557 0.000364 0.043154 999 999 54357.267244 0.494956 999 999 999 999 999 999 999
 05D2by 999 0.891000 999 24.532124 0.002505 1.372166 0.488078 -0.026028 0.061357 999 999 53413.565935 0.772930 999 999 999 999 999 999 999
 SDSS13578 999 0.228000 999 21.066779 -0.002335 -0.245573 0.370084 -0.040249 0.037677 999 999 53998.759097 0.388019 999 999 999 999 999 999 999
 04D3dd 999 1.002000 999 24.973081 0.000862 0.740540 3.274435 -0.013947 0.431725 999 999 53113.471718 3.292967 999 999 999 999 999 999 999
 04D3df 999 0.470000 999 23.535864 0.000865 -2.058238 0.146850 0.109352 0.030079 999 999 53119.614464 0.190248 999 999 999 999 999 999 999
 06D3el 999 0.519000 999 22.877346 0.000873 0.769341 0.108665 -0.144104 0.027025 999 999 53894.381277 0.121216 999 999 999 999 999 999 999
 SDSS7143 999 0.304000 999 22.054783 -0.002666 -0.476121 0.623543 0.011500 0.045797 999 999 53677.791565 0.575046 999 999 999 999 999 999 999
 sn2006mo 999 0.037002 999 17.386650 -0.000069 -2.128232 0.109133 0.007804 0.030342 999 999 54047.627376 0.270675 999 999 999 999 999 999 999
 04D4gg 999 0.424000 999 22.728260 -0.002362 1.236651 0.138146 0.082904 0.026715 999 999 53246.782520 0.122208 999 999 999 999 999 999 999
 SDSS18617 999 0.322000 999 22.008557 -0.002663 -0.255509 0.880343 -0.021560 0.056978 999 999 54381.328664 1.218729 999 999 999 999 999 999 999
 sn2006an 999 0.064001 999 18.052277 0.002431 0.645216 0.208577 -0.044870 0.028874 999 999 53790.529445 0.509496 999 999 999 999 999 999 999
 SDSS15161 999 0.249540 999 21.202184 -0.001808 -0.284985 0.314685 -0.053997 0.042941 999 999 54025.356730 0.364566 999 999 999 999 999 999 999
 SDSS12779 999 0.079950 999 19.147979 -0.002092 -0.561985 0.261561 0.096233 0.030011 999 999 53971.727092 0.969038 999 999 999 999 999 999 999
 sn1999aw 999 0.038000 999 16.749562 0.002264 2.021492 0.126898 -0.049360 0.027290 999 999 51254.754729 0.194267 999 999 999 999 999 999 999
 04D4an 999 0.613000 999 24.014222 -0.002354 -0.333254 0.402178 0.021176 0.041626 999 999 53183.682473 0.493841 999 999 999 999 999 999 999
 SDSS19425 999 0.211600 999 21.641681 -0.002421 -1.603200 0.465518 0.130597 0.056057 999 999 54392.867314 0.421637 999 999 999 999 999 999 999
 Torngasek 999 1.265000 999 25.735574 0.000864 0.285649 0.559878 0.020972 0.047730 999 999 52693.623284 1.764962 999 999 999 999 999 999 999
 SDSS16737 999 0.200000 999 20.518191 -0.002173 -0.435423 0.718288 -0.075631 0.046027 999 999 54068.764454 0.953003 999 999 999 999 999 999 999
 SDSS3592 999 0.086420 999 18.763266 -0.002280 -0.145332 0.070603 -0.043101 0.020379 999 999 53645.058829 0.061596 999 999 999 999 999 999 999
 SDSS5533 999 0.219700 999 21.159745 -0.002512 -0.078791 0.274821 0.022535 0.034754 999 999 53667.439086 0.329822 999 999 999 999 999 999 999
 05D3mx 999 0.470000 999 23.026540 0.000846 -1.669413 0.162379 -0.078202 0.037294 999 999 53569.940694 0.152015 999 999 999 999 999 999 999
 05D4ek 999 0.536000 999 23.297909 -0.002355 0.267438 0.176968 0.070199 0.031107 999 999 53635.632378 0.186551 999 999 999 999 999 999 999
 SDSS18965 999 0.206000 999 20.717538 -0.002414 -0.639352 0.229214 -0.111792 0.035950 999 999 54395.341623 0.187656 999 999 999 999 999 999 999
 SDSS2689 999 0.161490 999 20.251311 -0.002132 1.390893 0.195884 0.080585 0.028677 999 999 53637.053120 0.188888 999 999 999 999 999 999 999
 05D1hk 999 0.263000 999 21.187513 -0.001748 1.377271 0.120091 -0.010022 0.026021 999 999 53717.928292 0.116821 999 999 999 999 999 999 999
 04D4dw 999 1.031000 999 24.506792 -0.002353 1.117891 0.418240 -0.132646 0.060597 999 999 53200.739953 0.671041 999 999 999 999 999 999 999
 03D3ba 999 0.291200 999 21.958109 0.000871 0.779162 0.177195 0.116162 0.035538 999 999 52749.571666 0.814840 999 999 999 999 999 999 999
 SDSS17220 999 0.172000 999 20.554790 -0.002484 1.819164 0.287745 0.150356 0.032622 999 999 54356.922460 0.287737 999 999 999 999 999 999 999
 SDSS14481 999 0.255000 999 21.383298 -0.002580 -1.042470 0.398294 -0.172305 0.051308 999 999 54020.189186 0.313912 999 999 999 999 999 999 999
 SDSS5736 999 0.253000 999 21.404632 -0.002185 -0.218487 0.302443 -0.008772 0.035539 999 999 53665.748303 0.280053 999 999 999 999 999 999 999
 SDSS19940 999 0.147000 999 19.798468 -0.002235 1.046161 0.206421 -0.004444 0.024579 999 999 54407.780391 0.176557 999 999 999 999 999 999 999
 SDSS3452 999 0.230400 999 20.805235 -0.002596 0.906236 0.273124 -0.090678 0.036913 999 999 53648.483112 0.272464 999 999 999 999 999 999 999
 SDSS20430 999 0.164000 999 20.748602 -0.002165 -1.192988 0.516358 0.023956 0.032574 999 999 54415.230605 0.379803 999 999 999 999 999 999 999
 sn2005bo 999 0.013900 999 15.621444 0.001214 -1.162169 0.108131 0.205427 0.019991 999 999 53478.746018 0.140017 999 999 999 999 999 999 999
