#name mBc dmBc mB dmB x0 dx0 x1 dx1 c dc tmax dtmax z
SDSS10028 18.347945 0.112975 18.3495267442 0.0283030879235 0.000823896717581 2.16640403334e-05 -1.20179866507 0.187010448513 0.0100602757594 0.0254131697398 53693.6603369 0.177004203699 0.06533
SDSS1032 20.336945 0.115931 20.3371078531 0.0406808466898 0.00013201605844 5.00684444594e-06 -2.52861659958 0.199976070338 0.0505064753788 0.0367792123074 53626.5210127 0.198806979599 0.12976
SDSS10434 19.156988 0.114221 19.1583890195 0.0352011290226 0.000391341387894 1.27144902195e-05 -0.00543426287777 0.280896570146 -0.0874103670864 0.0268958545874 53696.4707872 0.217772682667 0.10418
SDSS10805 17.531728 0.11486 17.5341743926 0.0302938054441 0.00174491411376 4.92390670729e-05 -0.952692897704 0.402380776435 0.0566782805655 0.0248920493324 53698.6876836 0.12547247656 0.04542
SDSS11067 19.114133 0.112246 19.1148097445 0.0283590374516 0.000407359406332 1.06689198625e-05 1.73369771103 0.520617817763 -0.072350909838 0.0263507139097 53702.7775281 0.402505022816 0.114
SDSS1112 21.537919 0.12482 21.54011211 0.0608250074327 4.36286380393e-05 2.45819331742e-06 -0.623264791402 0.675407980037 -0.0268173781614 0.0519178678637 53630.0860042 0.678609548082 0.25764
SDSS11206 22.200281 0.138121 22.2024872924 0.083474108798 2.36961048045e-05 1.82541907134e-06 -1.51028811937 0.872759592335 -0.205532208261 0.0851535925796 53697.2222518 1.64868826441 0.3819
SDSS11300 20.28342 0.113737 20.2847054837 0.0339479117536 0.000138495529948 4.39555712462e-06 -1.60735467468 0.675536528763 0.0751457298453 0.0327650100251 53699.544122 0.319764921373 0.1468
SDSS1241 19.115082 0.11251 19.1166787134 0.0286585189822 0.0004062762199 1.08384291678e-05 -0.54752371366 0.0787239679491 0.048944683785 0.0227538319503 53635.3707488 0.0784587116541 0.0902
SDSS1253 21.218177 0.120435 21.2201913911 0.0511653395315 5.85896451645e-05 2.76470022012e-06 -0.959240821703 0.447846885795 -0.118798303017 0.0486221301412 53634.279829 0.41864364842 0.262
SDSS12779 19.149702 0.117766 19.1509002408 0.0446854366899 0.000393381183863 1.64018083745e-05 -0.561484636089 0.260777836894 0.0962433835989 0.0295502156393 53971.7259839 0.969510944862 0.07995
SDSS12781 19.38627 0.115125 19.3878672201 0.0373906405931 0.000316524206346 1.09920989332e-05 -1.83207559533 0.188046503149 0.0362062386933 0.0267764081193 53979.3089635 0.223952291868 0.08431
SDSS12843 20.412042 0.118455 20.4132959825 0.0473461058637 0.000123093267998 5.42083144161e-06 -1.01868402277 0.298736118198 0.0374586350861 0.0347567907876 53982.0991124 0.195337573779 0.16695
SDSS12853 20.17402 0.116716 20.1751508044 0.0427937070842 0.00015340098103 6.06949028015e-06 -0.580103032406 0.345008601589 -0.061755517146 0.0319893986669 53979.2934708 0.325165087339 0.1694
SDSS12855 20.781976 0.114853 20.7833745502 0.0373999720085 8.75348389959e-05 3.04977916498e-06 -1.91819718101 0.297270343743 0.040562656067 0.0348134181789 53996.1500099 0.327576076037 0.172
SDSS12856 20.134725 0.112043 20.1361593124 0.0275930791408 0.00015901832898 4.04738203679e-06 0.860171489726 0.200447296555 -0.0897351008531 0.0232346262829 53996.9139241 0.239305072064 0.17167
SDSS12860 20.209823 0.113463 20.2110406999 0.0329358802696 0.00014803739386 4.57296260692e-06 -0.303463518492 0.2000298901 0.140893777525 0.0276575350144 53993.7770267 0.278715836081 0.1217
SDSS12869 21.365495 0.126014 21.3677030868 0.0629974106261 5.11416300461e-05 2.98361099996e-06 0.207633401942 0.834884226969 -0.0413007325357 0.0505063658718 53978.9873341 1.21394717637 0.278
SDSS12881 21.098958 0.118789 21.100758652 0.0475661729555 6.53545857184e-05 2.88914427103e-06 0.772132181968 0.519461876729 0.0348300192696 0.0388891839386 53980.3003605 0.562985555771 0.233
SDSS12883 21.588074 0.1459 21.5901229012 0.0965796430993 4.16706127933e-05 3.72927667795e-06 -1.95549791833 0.844198723106 -0.0577125952097 0.0720925325614 53980.1314753 0.813258697835 0.307
SDSS12898 19.019822 0.112109 19.0209842816 0.0264703262336 0.000443580771899 1.09447523628e-05 -0.0693489590919 0.0846607683944 0.0700493085406 0.0211960450597 54002.4811041 0.0800789883324 0.081
SDSS12927 20.351422 0.118918 20.351872283 0.0484453318417 0.000130293429957 5.86143575734e-06 0.0260588261651 0.324203886143 0.0147063659518 0.0326353418783 53988.9357249 0.807785625188 0.175
SDSS12928 19.897068 0.116765 19.8977698093 0.0430193493589 0.000198053808141 7.8780803065e-06 -0.558039896232 0.378518241128 -0.0640043704766 0.0320836479794 53972.952834 1.10423275525 0.1397
SDSS12930 20.061964 0.117074 20.0628142286 0.0438464271681 0.00017003063444 6.92558677136e-06 1.88731069795 0.404985379541 0.021651518599 0.0324886730023 53979.6802548 0.385186033829 0.14717
SDSS12950 18.915623 0.111814 18.917366649 0.0252990267269 0.000488430763763 1.1462698757e-05 -0.331499579225 0.061081589882 -0.0053287992299 0.0204338348736 54000.046171 0.0681676142704 0.08266
SDSS12971 20.793051 0.115605 20.7949368606 0.0389051638364 8.66833309684e-05 3.11206878582e-06 1.18462255555 0.581391763639 -0.0915147334939 0.0360296346186 53976.6325755 1.1923383445 0.23524
SDSS12972 21.306745 0.12587 21.3088025583 0.0629466448618 5.39990213455e-05 3.14200708407e-06 0.115967959838 0.663311567893 -0.0809592223111 0.0485385843589 53980.9925262 0.660242400019 0.258
SDSS12977 21.151867 0.115338 21.1537304764 0.0379041699214 6.22840053275e-05 2.18491235269e-06 0.0704916480991 0.488739103576 -0.0483475270229 0.0384110314633 53994.908649 0.813421967494 0.247
SDSS13005 19.89021 0.157613 19.8910369599 0.114261115133 0.000199232083922 2.11322439057e-05 -0.332264852621 0.314750080189 -0.0122971107807 0.043938991384 53964.5730957 1.2410918334 0.127
SDSS13025 21.236545 0.1168 21.2384486876 0.0424666704495 5.75745436463e-05 2.27342010588e-06 0.742037746917 0.297371489216 0.028843971161 0.0359154026451 53990.6519013 0.441037005592 0.225
SDSS13038 19.206141 0.113322 19.2076828185 0.0321559380249 0.000373891378811 1.11338841589e-05 1.41904255267 0.145955791393 -0.0232929888711 0.0230021009287 53988.6492608 0.135904920808 0.104
SDSS13044 19.578968 0.112171 19.580324855 0.0281544247965 0.000265318804005 6.90076651664e-06 -0.0143394384395 0.128143551705 -0.0678698708017 0.0221568120316 54003.15569 0.0913638438287 0.121
SDSS13045 20.67432 0.118342 20.6759037671 0.0469684896676 9.66309302514e-05 4.225223007e-06 -0.137418678193 0.468701568146 0.0521291486274 0.0342149030648 53993.2975611 1.07196780421 0.182
SDSS13070 20.348239 0.116183 20.3498865188 0.0410694030984 0.000130586928541 4.93636792356e-06 0.949020439243 0.275204863555 -0.144735598101 0.0282270581131 53986.5720925 0.252065289158 0.19853
SDSS13072 21.093432 0.122097 21.0953387804 0.0553393242637 6.57122732138e-05 3.37227806847e-06 0.392183674241 0.389835624662 -0.0133852276805 0.0433429302243 53988.9222581 0.475349759414 0.23063
SDSS13099 21.53541 0.119638 21.5376369618 0.0492007115884 4.37272024838e-05 1.99405409025e-06 0.347211687445 0.787464462823 -0.0218756408454 0.0465156966721 53995.225429 1.40676323786 0.26603
SDSS13135 19.373517 0.111598 19.3749339978 0.0254440729801 0.000320558086507 7.54090306221e-06 -1.41295321184 0.0694177268941 -0.0567820763729 0.0207068142588 54003.6184278 0.0603036624889 0.10467
SDSS13136 22.299562 0.131873 22.3018760919 0.0729095219552 2.16350483955e-05 1.45744839363e-06 0.659810327152 0.838317978538 -0.101527876491 0.0602340618898 53993.708711 1.08578962974 0.366
SDSS13152 20.662469 0.113718 20.6640951567 0.0333465972134 9.77386733848e-05 3.02787782391e-06 0.258670459361 0.243737416727 0.00769614487039 0.0293250714404 54001.2322704 0.196074893342 0.207
SDSS13254 21.151747 0.120493 21.1522239557 0.0521559470101 6.22755588747e-05 3.03108043988e-06 0.479896330164 0.537821168923 0.0929621570711 0.039262368198 53994.2784171 1.14947975023 0.18066
SDSS13305 20.849845 0.115206 20.8514524343 0.0381894386869 8.22400658395e-05 2.91862014269e-06 1.11500857645 0.309759668141 0.0176926254659 0.0330201844081 54003.8460636 0.265388616452 0.201
SDSS13354 20.298025 0.113012 20.298884912 0.0313906920022 0.000136676538635 4.00852464518e-06 1.04006405587 0.162747644189 0.0879627852872 0.0267744258065 54006.6056163 0.173793958998 0.15763
SDSS13411 20.328307 0.120879 20.3293651669 0.0531362435021 0.000133018781273 6.56024312552e-06 1.7862150464 0.373603539565 0.0197664003817 0.0341484356289 53987.4597864 0.302828845459 0.163
SDSS13425 21.86497 0.131221 21.866745706 0.0734521605238 3.21108886673e-05 2.22445012776e-06 -0.977679415477 0.560278358102 0.259537803047 0.0571762752173 53993.0115012 1.13173057265 0.211
SDSS13506 21.801057 0.122422 21.8025962985 0.0559116076537 3.41799513224e-05 1.78695629648e-06 -0.200115570982 0.625570020475 0.13853301955 0.0463265623432 54000.5810116 0.532755565142 0.243
SDSS13511 21.461512 0.117789 21.4624868166 0.0449440435935 4.68719484034e-05 1.94461494188e-06 -1.55362354485 0.441449089245 -0.0951928647145 0.0405564958118 54002.6197508 0.323148763433 0.23737
SDSS13578 21.06808 0.115846 21.0697047963 0.0397228207791 6.72929713349e-05 2.47477390557e-06 -0.245891017953 0.365672337962 -0.0403273384744 0.0364696413301 53998.7591251 0.388279247632 0.228
SDSS13610 21.38185 0.117785 21.384159976 0.0439263195621 5.03785716448e-05 2.04232300413e-06 0.0793048637091 0.535093628347 -0.0955221952273 0.0418293804763 53997.0091467 0.582205712832 0.29826
SDSS13641 20.762042 0.114386 20.7638300608 0.0355178134579 8.91872169412e-05 2.93465411276e-06 1.0264776389 0.283830754464 -0.0310548864677 0.0321158329584 54004.8314775 0.290528684734 0.21
SDSS13655 21.936242 0.119872 21.9374137912 0.049959547103 3.02206112459e-05 1.40724308143e-06 -1.33946060889 0.584310021581 0.0824373787651 0.0473613649573 53999.849782 0.559823113799 0.252
SDSS13689 20.967243 0.116581 20.9693102734 0.0414620265759 7.38113338958e-05 2.81501696955e-06 1.1611176168 0.37898049677 -0.147912593825 0.037575074215 54000.1502467 0.474406361642 0.2516
SDSS1371 19.052211 0.11196 19.0536763175 0.0272757204277 0.000430963024809 1.08348485658e-05 0.789563277228 0.0958523274218 -0.101396623051 0.0215698830209 53633.3106371 0.106018928094 0.11909
SDSS13727 20.855502 0.115514 20.8570248548 0.0388461161482 8.18555889051e-05 2.94343633082e-06 1.25310817608 0.342124470885 -0.0402766194102 0.035174492421 54004.8801095 0.326901481858 0.221
SDSS13736 19.972155 0.112283 19.9735534647 0.0286932184429 0.000184672607752 4.90691406154e-06 1.11686195594 0.164506962404 -0.0268755314069 0.0231467885037 54015.7862224 0.131889816137 0.1504
SDSS13757 21.262819 0.118845 21.2652637758 0.0468606838595 5.61940582393e-05 2.42170268709e-06 1.09893643215 0.429190164148 -0.16660777168 0.0424128602956 53993.7498887 0.63310927026 0.289
SDSS13796 19.837994 0.111766 19.8394137832 0.0266116378703 0.000208946512124 5.15255059686e-06 0.789492176901 0.115817661693 -0.0189779052756 0.0220193613168 54010.4120531 0.116713441745 0.145
SDSS13830 21.644732 0.134054 21.6473119797 0.0772623251819 3.95254485376e-05 2.83126289149e-06 1.18044835334 0.621330111832 -0.0183991421263 0.0536503643639 53990.9293524 0.740285770666 0.33
SDSS13835 21.07527 0.114566 21.0772597539 0.035474008727 6.68347845577e-05 2.18958516032e-06 0.624851952061 0.246426951355 -0.0783917632631 0.0347537814534 54011.4625132 0.262923669387 0.2477
SDSS13894 20.319989 0.113363 20.3213655407 0.0325819808885 0.000133658595711 4.09160904147e-06 0.742977833734 0.166310908718 0.166043407079 0.0272300807574 54013.6876521 0.146340675765 0.121
SDSS13934 22.190461 0.136536 22.1930248121 0.0814918070798 2.391660269e-05 1.80177102644e-06 -0.707674871576 0.819169206253 -0.100206404063 0.0694977219278 54007.4180022 0.952550879956 0.33
SDSS14019 21.433042 0.120494 21.4344973393 0.0518597699535 4.80843955384e-05 2.31238050183e-06 -0.31643612785 0.387780227202 -0.0218457856767 0.0455503353806 54012.2023248 0.396851731999 0.2164
SDSS14024 20.466614 0.114439 20.4676909419 0.0362304548036 0.000117076232231 3.94858940998e-06 -1.92293154542 0.195002013628 0.0378701862506 0.0315112863926 54011.1617674 0.204867425553 0.146
SDSS14108 20.147341 0.112393 20.1471903902 0.0291191049068 0.000157347405962 4.25243790207e-06 0.248082154773 0.143224579711 -0.000855475261252 0.0244554227772 54010.2106375 0.171476556094 0.133
SDSS14157 20.480731 0.11447 20.4811000596 0.0357556574412 0.000115729908762 3.82626212908e-06 1.12521921524 0.26607264819 -0.0584707283642 0.0318771220295 54013.9513518 0.250926333731 0.2115
SDSS14212 20.912346 0.114245 20.9139797758 0.0351258179195 7.766810742e-05 2.52778369602e-06 -0.339599177794 0.173027276079 -0.0325354451148 0.0319209707575 54012.9485309 0.18281988434 0.2054
SDSS14261 21.349608 0.121901 21.3518485853 0.0542623712369 5.18911124621e-05 2.60789121332e-06 0.69424755413 0.461519156264 -0.0301689460481 0.0427649671818 54018.8079053 0.367111990825 0.281
SDSS14279 17.546294 0.113705 17.5483626797 0.0256436612125 0.00172136816516 4.12300465683e-05 -0.16244689975 0.0474323302495 0.0905149642821 0.0230327584621 54022.0456449 0.0609931058025 0.04539
SDSS14284 20.228837 0.112763 20.2290408905 0.0302797835494 0.000145975953945 4.08374510445e-06 -0.308779945214 0.1694043586 -0.0685137079402 0.0255849054223 54014.5780809 0.158647919718 0.18107
SDSS14298 21.261083 0.117389 21.2629089026 0.0435108790599 5.63305587594e-05 2.26333893257e-06 1.29834890148 0.380956955927 -0.0809432328172 0.042088092028 54012.4674341 0.338976215698 0.262
SDSS14318 17.780075 0.122398 17.7822087265 0.0542115583141 0.00138909129413 6.97200808882e-05 0.864354392223 0.782044021423 0.0283530989127 0.0321755903365 54072.0735686 0.823627385224 0.05783
SDSS14331 21.246133 0.116607 21.2478035842 0.0420756106156 5.70888536162e-05 2.23161436107e-06 0.141350765433 0.293878415552 0.0141865985186 0.0391316259739 54013.4735318 0.302337734342 0.214
SDSS14397 22.210028 0.131466 22.2122908642 0.0720961976154 2.3479081662e-05 1.56391262611e-06 -1.19279701366 0.603467454962 -0.220851244607 0.0510952594635 54013.9242951 0.746916823049 0.371
SDSS14421 20.452267 0.112491 20.453067339 0.0293222925477 0.000118763230648 3.21147955973e-06 -0.745632632466 0.179967267622 -0.0978078277004 0.0255043073794 54010.9022434 0.212011653821 0.1749
SDSS14437 19.708683 0.112226 19.7100081213 0.0284802729314 0.000235454273576 6.18400179714e-06 0.594179044163 0.11882283235 -0.0948299185679 0.0235995998456 54009.8208711 0.11900341103 0.144
SDSS14451 20.15261 0.112906 20.1535563608 0.0308332550289 0.000156489502477 4.44695030095e-06 0.28919862312 0.167229311977 -0.106928890085 0.0262453684765 54011.8024531 0.17668917128 0.179
SDSS14456 21.823069 0.124052 21.825649165 0.0582042706235 3.35402995433e-05 1.80754536624e-06 -0.0409641556125 0.54747979194 -0.0293960644713 0.0482575236767 54018.6635513 0.463304247918 0.33
SDSS14481 21.384596 0.123692 21.3867031609 0.0585069693687 5.02470865981e-05 2.70586729049e-06 -1.03976476758 0.378597728535 -0.171954087653 0.0496459438455 54020.1904167 0.309302204303 0.255
SDSS14735 21.706687 0.119386 21.7083546466 0.0479975965909 3.7345813567e-05 1.66491417239e-06 -0.0873967279026 0.420307094285 0.0328105471052 0.0446181346828 54013.8084292 0.484648211117 0.3011
SDSS14816 19.370566 0.112285 19.3720191939 0.0283700416108 0.000321241141201 8.46781174965e-06 -0.672679978751 0.0926271706091 0.0213130263783 0.0224051136713 54021.3162873 0.0917242230644 0.10722
SDSS14846 20.941812 0.115872 20.9435900019 0.0398477921806 7.5583635242e-05 2.78770381114e-06 0.633837050251 0.287958777489 -0.0448978764553 0.0360592987314 54024.9738805 0.279668152787 0.2247
SDSS14871 19.436663 0.111824 19.4365134215 0.0267244649027 0.000302876524159 7.48664308957e-06 1.29098974177 0.111951202513 -0.0465021435241 0.0215568116996 54027.3541975 0.123605304023 0.119
SDSS14979 20.178782 0.11256 20.1787261081 0.0295580900205 0.000152900215736 4.16222951148e-06 0.22480061338 0.139584719246 -0.117702828767 0.0251367756504 54025.6028558 0.143253127957 0.1771
SDSS14984 20.867304 0.115225 20.8684383647 0.0384231198846 8.09054332723e-05 2.89832442278e-06 1.01574444643 0.332625060675 0.0729772767815 0.0324742207906 54024.8021723 0.319620589333 0.184
SDSS15057 21.845816 0.131068 21.8479608968 0.0723440164542 3.28619172327e-05 2.20001167568e-06 -2.48498975368 0.545016710563 -0.0589573731567 0.0576105801462 54017.2595505 0.388503922106 0.299
SDSS15129 20.684448 0.114008 20.6858230647 0.0344404858034 9.58446753008e-05 3.04999638535e-06 -0.774077003668 0.222961964258 -0.0705447011768 0.031567099606 54023.8238059 0.250776790675 0.19828
SDSS15132 19.761456 0.111718 19.7627805512 0.0263755718839 0.000224266265551 5.44104012604e-06 1.06779776836 0.146911546943 -0.133295790958 0.021891839199 54026.5270161 0.138606854151 0.1543
SDSS15161 21.203185 0.117491 21.2044770312 0.0439812607508 5.94409422393e-05 2.41907023156e-06 -0.284968656962 0.307134452762 -0.0539954556658 0.0413251458419 54025.3567207 0.359182515094 0.24954
SDSS15171 19.659001 0.11186 19.6597032882 0.0270030819257 0.000246618260595 6.14739075657e-06 0.680036760464 0.143794479947 -0.0785349623751 0.0223343806118 54029.1685133 0.136018640464 0.1392
SDSS15201 21.801005 0.117479 21.8027480979 0.0444991778734 3.42044177882e-05 1.42031522422e-06 -1.24570416135 0.45367997541 0.0943271601548 0.0403010165817 54028.2869928 0.395634217137 0.2085
SDSS15203 20.730053 0.114437 20.7315947643 0.0355932743311 9.18713847265e-05 3.03050535163e-06 1.11421680626 0.263444726798 -0.0247667867982 0.0320076916615 54027.1798088 0.26800847971 0.216
SDSS15213 21.733825 0.127264 21.7348287264 0.0650823862515 3.64735881614e-05 2.19384660343e-06 -0.0841842099471 0.592276047008 -0.0865409094464 0.0563835295208 54026.3231097 0.663553330298 0.307
SDSS15219 21.056951 0.114812 21.0582489059 0.0362488596811 6.800452435e-05 2.26588584207e-06 -0.146222484915 0.372589318515 -0.154042702874 0.0357550212216 54030.9688652 0.334251069082 0.248
SDSS15222 20.948974 0.115064 20.9505899383 0.0377756400321 7.50656851228e-05 2.63357318885e-06 -1.33949144162 0.278284245213 0.0110747097597 0.0340568359606 54031.1224387 0.25041345504 0.19943
SDSS15229 21.024295 0.11527 21.026103582 0.0380716030988 7.00480142737e-05 2.47034721058e-06 0.68501619944 0.287150569328 -0.0325717292254 0.0373338885578 54033.2145792 0.299611581835 0.224
SDSS15234 20.461573 0.113196 20.4626616553 0.0320861657558 0.000117450261985 3.53063385026e-06 0.900229539786 0.203829909238 0.127759974805 0.0274957362613 54032.8020587 0.198382173923 0.1363
SDSS15259 20.791873 0.11424 20.7936375744 0.0350168553662 8.67616359863e-05 2.81775586101e-06 0.419532120851 0.264210383366 -0.0146468823432 0.0327733721724 54026.3340229 0.270026919938 0.212
SDSS15287 21.161073 0.11421 21.163175599 0.0337549302584 6.17495650879e-05 1.92539736412e-06 1.42327387402 0.314103969546 -0.072993260166 0.0347710848513 54030.3807024 0.329032399994 0.274
SDSS15301 20.665733 0.114128 20.6676374357 0.034026319748 9.74575411244e-05 3.0504035327e-06 -0.338697304911 0.200401469919 -0.138561647782 0.0330381270996 54035.9115831 0.214745705161 0.248
SDSS15354 21.520886 0.119891 21.5226463166 0.050381346494 4.42774904068e-05 2.08223014938e-06 -2.26461191441 0.353955548569 0.0851934448053 0.048487909921 54024.6229729 0.494398850784 0.2221
SDSS15356 21.436954 0.118156 21.4392539327 0.045313176852 4.78813529083e-05 2.00777910814e-06 -0.707454418991 0.476229624393 -0.0494837443571 0.0450606865285 54029.2421893 0.460966843311 0.276
SDSS15365 20.504592 0.113446 20.5061410872 0.0327687807841 0.000113081690055 3.42885916664e-06 0.829710861584 0.230692749396 -0.0369103184299 0.0275007814947 54038.0742783 0.184406850596 0.178
SDSS15383 21.860479 0.12279 21.8622229797 0.0557568032324 3.24300039984e-05 1.6735311785e-06 0.212271178233 0.705383505087 -0.0339411159057 0.049517939203 54030.5554681 0.709456306071 0.312
SDSS15421 20.641715 0.112927 20.6425279464 0.0308396825529 9.97348589183e-05 2.84557616874e-06 0.17478799276 0.255854987988 -0.0436823514481 0.0260391734218 54035.1596839 0.227402296194 0.18537
SDSS15425 19.907795 0.111983 19.9076127027 0.0274398773711 0.000196207375995 4.99301959495e-06 0.971182013446 0.165339730905 -0.00610967232171 0.0227047723073 54038.0606075 0.150359200543 0.15989
SDSS15433 20.943822 0.114935 20.9454338983 0.0370885413687 7.54612019202e-05 2.58661842408e-06 -0.0882723680252 0.258087507341 -0.0677362803153 0.0347620853506 54037.3833509 0.249863205554 0.2211
SDSS15440 21.586693 0.11822 21.5878551972 0.0458396662582 4.17106425394e-05 1.78152337137e-06 -0.623734868792 0.491253697407 0.0657462729628 0.0425538771759 54030.9992183 0.416095989614 0.253
SDSS15443 20.192003 0.112167 20.1921934822 0.0279666226308 0.000151002277532 3.90752492561e-06 1.56053752052 0.18058525167 -0.0412824834581 0.0238880977173 54041.2886335 0.167601615747 0.18191
SDSS15453 20.54928 0.114314 20.5505049965 0.0356837541037 0.000108546351212 3.58767683559e-06 1.15003684474 0.253015761944 -0.0242653960639 0.0285938078165 54038.1805644 0.181712073248 0.175
SDSS15456 21.980928 0.12548 21.9831159293 0.0602935399119 2.9017668725e-05 1.61624467178e-06 -1.21277799958 0.75893725201 -0.0905511204473 0.0605485844965 54030.2981163 0.750982576981 0.3821
SDSS15461 20.359333 0.113319 20.3607246101 0.0323076025414 0.000129306683617 3.85231904863e-06 -0.162051291735 0.207846214241 -0.100205951678 0.0261044976593 54036.9842429 0.173308906938 0.18
SDSS15466 21.326555 0.120181 21.3283138641 0.0507677602778 5.30001693892e-05 2.50206516654e-06 -1.06196502929 0.391983037123 0.0279354058806 0.0466755884978 54036.6520059 0.353020020106 0.247
SDSS15467 20.592027 0.115699 20.5935130625 0.0395359962719 0.00010434996668 3.81283360746e-06 0.801260317537 0.26065162663 -0.0679447474604 0.0334595101411 54038.9021457 0.194596966103 0.21041
SDSS15504 21.852696 0.131353 21.8548459907 0.0733645184463 3.25209453951e-05 2.24176792823e-06 2.33717016846 0.726208513154 0.205582345805 0.0579090857465 54039.808975 0.570462101401 0.251
SDSS15508 19.607858 0.111798 19.608681896 0.0267357332299 0.00025847296341 6.38713473572e-06 0.882983390119 0.10432977749 -0.0592308107245 0.0222703168639 54041.5625991 0.0919543112323 0.135
SDSS15583 20.736464 0.113873 20.7370936684 0.0342144266592 9.13658214345e-05 2.90594036906e-06 -0.296321498662 0.205496313544 0.0253387966485 0.0301164714025 54041.0090039 0.189286692053 0.178
SDSS15584 21.439311 0.11753 21.4405603285 0.043536163632 4.78232756896e-05 1.92684543664e-06 0.314981030265 0.404868733319 -0.0449981947815 0.0441319703173 54038.1288684 0.391269456581 0.282
SDSS15648 21.032398 0.122163 21.0334746568 0.0559400536487 6.94437605223e-05 3.63313087762e-06 -1.453749895 0.357752744915 0.113585157471 0.0439230326747 54042.568941 0.290054376452 0.17502
SDSS15674 21.017687 0.117701 21.0193675615 0.0451909997557 7.0463913896e-05 2.95636203253e-06 -0.34360143539 0.301808320736 0.00422830770871 0.0371561465369 54040.2832336 0.233265294457 0.198
SDSS15704 22.059517 0.127982 22.0609447796 0.0656187677087 2.700290921e-05 1.63454075182e-06 -0.0485895998748 0.701920223948 -0.171359929089 0.0558762495896 54043.0027784 0.68590731571 0.365
SDSS15756 22.421908 0.135103 22.4241565009 0.0784055426979 1.93094682045e-05 1.40014714731e-06 -0.960604360313 0.712175541402 -0.250148711379 0.0605504416931 54035.7601352 0.821045562509 0.38
SDSS15776 21.846724 0.121555 21.848507589 0.0528866078794 3.28441645499e-05 1.60152885741e-06 -2.28176190612 0.56054280458 -0.146321447839 0.0497077238108 54033.8301888 0.490026951768 0.3176
SDSS1580 20.272733 0.114206 20.2730998707 0.0352481856593 0.000140155779715 4.5712676559e-06 0.879571587351 0.228368079392 -0.0384869842705 0.0270665927226 53634.0261933 0.205025668241 0.184
SDSS15868 21.005963 0.116005 21.007095108 0.0399645745729 7.12896285922e-05 2.6213840188e-06 0.328735136847 0.264211282017 -0.140847235633 0.0370025245082 54044.2539094 0.220235342844 0.242
SDSS15872 20.556408 0.117009 20.5572360634 0.0432986012597 0.000107895046671 4.31976956185e-06 0.781434315714 0.308150665562 -0.0641307839804 0.0358528289957 54047.7693251 0.205691096762 0.203
SDSS15897 20.889914 0.116161 20.8911951039 0.0412526983231 7.92818749717e-05 3.04044126091e-06 -2.45745603511 0.260673813277 0.0157912658066 0.0366474674534 54041.5236356 0.222583761781 0.17
SDSS15901 20.774797 0.114551 20.7757610784 0.0361834659889 8.82160254666e-05 2.95441783544e-06 0.0301997246207 0.255742606604 -0.0406225240954 0.0297623183975 54045.4582479 0.203832856987 0.199
SDSS16021 19.61767 0.112478 19.6188374973 0.02938656233 0.000256041976264 6.96587857528e-06 -0.34697988205 0.126820034891 -0.0382040358256 0.023744655113 54049.119852 0.113525510169 0.124
SDSS16032 20.758955 0.114994 20.7595196067 0.0374999850446 8.95570412049e-05 3.09615790107e-06 -0.819482322829 0.239930728619 -0.108569984803 0.0336628942855 54046.4046927 0.178185053239 0.204
SDSS16069 20.104432 0.113191 20.1058498837 0.0320374792335 0.000163042886245 4.90456599626e-06 0.878534976816 0.217332640863 0.156630218387 0.0266376164988 54050.7566696 0.185417303415 0.12877
SDSS16072 21.533317 0.127184 21.5355884533 0.0653192164634 4.38081357854e-05 2.6547857139e-06 0.275684200609 0.624905247181 -0.0162579635923 0.0536936575944 54046.8504175 0.4900023099 0.277
SDSS16073 20.257201 0.112388 20.2584681005 0.0291108151659 0.000142028043482 3.83581275266e-06 0.723179216089 0.185302955325 -0.00689240334075 0.0241961815216 54051.4345694 0.157007973336 0.146
SDSS16093 21.862025 0.132618 21.8646063938 0.074664902984 3.23631748079e-05 2.23509729476e-06 1.02920704374 0.735059106267 -0.0636368758973 0.0559951541614 54045.0233457 0.638370560751 0.336
SDSS16099 20.704275 0.113084 20.7053886622 0.031261509722 9.40788822884e-05 2.73300293081e-06 2.03052472248 0.369442693104 0.0232920319129 0.0261031069871 54054.4391051 0.307147919568 0.19695
SDSS16100 21.065011 0.117691 21.0659862539 0.0451883360021 6.74662344925e-05 2.84007343729e-06 -0.393434066815 0.350479353985 0.051509812628 0.0375065208524 54048.0431118 0.255317645751 0.195
SDSS16106 21.02095 0.120462 21.0229972142 0.0513754697658 7.02504392558e-05 3.32178539078e-06 -0.628985830956 0.364023019137 -0.150135741592 0.047564349426 54045.4247348 0.303232211318 0.2512
SDSS16116 19.970319 0.112448 19.9717362419 0.0293323799646 0.000185018173144 5.00405445513e-06 0.508881383843 0.286742270659 -0.0976113284767 0.0247923960712 54053.2818138 0.232875155092 0.15
SDSS16165 20.146078 0.112725 20.1468239654 0.030344590127 0.000157436193562 4.42417326197e-06 0.34419911075 0.222937537145 -0.032000120478 0.0247983120065 54052.8962544 0.1920935464 0.157
SDSS16185 19.773444 0.112716 19.7746994438 0.0297458036978 0.000221548976825 6.14666441419e-06 -2.30959870397 0.224051340249 0.0699333792858 0.0254454295657 54053.8910923 0.146951123268 0.097
SDSS16206 20.403921 0.113842 20.405244575 0.0342836863849 0.000124065681492 3.94853007505e-06 -2.56542974565 0.550750911209 -0.00862191280557 0.0313428778011 54056.9904538 0.248282275352 0.152
SDSS16211 22.130926 0.137464 22.1334792072 0.083250253876 2.52528364669e-05 1.95041221912e-06 -1.96401588158 0.625844512954 0.00444512100686 0.0704221004449 54041.487206 0.575671684062 0.31094
SDSS16213 21.127943 0.115731 21.1299137923 0.0390354011232 6.36712634136e-05 2.29302065783e-06 0.279927313356 0.4298487914 -0.0968484365319 0.0383604730552 54053.5806764 0.414495930669 0.25
SDSS16232 22.13649 0.137024 22.1385870672 0.0818450141105 2.51459599034e-05 1.90173899291e-06 -0.145799126509 0.829010367188 -0.11139777826 0.068461886901 54045.0286812 0.842625792859 0.367
SDSS16259 20.03987 0.113079 20.0413159162 0.0315565627623 0.000173298357471 5.10575596392e-06 -1.54000346841 0.224010327637 0.0750199995476 0.0276515891556 54052.3091481 0.199371497067 0.11908
SDSS16276 20.740998 0.114367 20.7422522732 0.0356725897061 9.09742934298e-05 3.00710166329e-06 -0.0186461309737 0.551403153929 -0.026411356425 0.031850030546 54057.368692 0.366499508222 0.193
SDSS16281 20.47384 0.114391 20.475431929 0.0358488138586 0.000116339195112 3.85359013498e-06 -0.873265936207 0.510226676462 -0.0731697215407 0.0323124199211 54055.4029262 0.345402908573 0.184
SDSS16350 21.130073 0.116813 21.1318599477 0.0423467645468 6.35570367768e-05 2.48506552618e-06 -1.34552674993 0.544367257964 -0.0900719722452 0.0437952137397 54054.1281242 0.441840636624 0.2361
SDSS16352 20.845774 0.115433 20.8479039444 0.0381793685134 8.25469752482e-05 2.89825134359e-06 0.273411460865 0.849504390861 -0.141815373506 0.0395119303041 54059.0824267 0.673455740205 0.248
SDSS16402 20.859757 0.116661 20.8621551872 0.0409859033995 8.1447865389e-05 3.06414581235e-06 -0.872064413342 0.779949461715 -0.186671458433 0.0424477613187 54059.4920136 0.554159459287 0.29
SDSS16473 20.739132 0.115465 20.7407829234 0.038837656526 9.11041964654e-05 3.25522857821e-06 -1.07332546087 0.867789270815 -0.148415819595 0.0413636887025 54062.360432 0.840317588045 0.211
SDSS16618 20.466522 0.114573 20.4677407251 0.0363239199404 0.000117169484234 3.92647626286e-06 -0.792726803632 0.603726297127 -0.0970900280959 0.0324714307134 54067.262264 0.701596380248 0.1932
SDSS16619 19.173326 0.11346 19.1742305592 0.0328524422516 0.00038566923853 1.1690603181e-05 -0.191924647085 0.593400098642 -0.0858500115247 0.0271947889263 54069.581329 0.683114276533 0.1151
SDSS16641 19.719269 0.113093 19.7202324888 0.0315574808394 0.000233056868289 6.83908413189e-06 1.05334747716 0.621248010893 0.0397335053043 0.0297964018909 54069.1978594 0.62826215072 0.115
SDSS16737 20.519882 0.124264 20.5211049476 0.0602332337504 0.000111547107344 6.20738605601e-06 -0.443610344845 0.714551336811 -0.0757265593989 0.0459446228325 54068.7572012 0.946165304671 0.2
SDSS16793 20.764062 0.138465 20.7658217781 0.0856563403586 8.90322143015e-05 7.05419465676e-06 0.52483834384 1.37982942294 -0.051256800523 0.0508446958465 54070.7627488 1.932448751 0.222
SDSS17168 20.59859 0.115147 20.6001455097 0.0381906115943 0.000103703605797 3.66564529366e-06 0.503374218549 0.302924073461 -0.0396764955118 0.0324454014666 54356.9479038 0.286887189461 0.184
SDSS17171 19.93795 0.145393 19.9392262098 0.0967052676538 0.000190622781672 1.70290820876e-05 -0.384726828426 0.342959748523 -0.141622392343 0.041138458991 54340.6615337 1.43206672632 0.16027
SDSS17186 19.240437 0.113854 19.2414609536 0.0329975053328 0.000361807467654 1.11448295309e-05 0.642723208543 0.148901983803 0.111358618898 0.0243116860171 54353.8108937 0.186790383857 0.07944
SDSS17208 19.983006 0.119461 19.9843550202 0.0498736798205 0.000182876262055 8.42930172684e-06 0.836868708508 0.362614936441 -0.0680994694204 0.0293016143872 54342.0303567 1.03435645204 0.14
SDSS17215 20.579248 0.117616 20.5792149139 0.0451069706746 0.000105678191636 4.42713663981e-06 0.282891963467 0.417374318091 0.0154327726378 0.0370240473382 54350.994124 0.721576680891 0.18136
SDSS17218 20.428083 0.114576 20.4296177977 0.0364803204815 0.000121356091457 4.08689114252e-06 -0.760469362411 0.402479040178 -0.0848839536623 0.031245677914 54349.4977441 0.543868383407 0.179
SDSS17220 20.55707 0.115012 20.5584133042 0.0378835801376 0.000107485209106 3.8147832589e-06 1.82032222484 0.283742865289 0.150277921823 0.0314154344005 54356.9228233 0.287720190547 0.172
SDSS17223 20.863174 0.118911 20.8646210623 0.0478422405518 8.1292818705e-05 3.59555283165e-06 1.0134941394 0.666081536204 -0.0702707352399 0.0427643360325 54347.0040999 1.62302146793 0.235
SDSS17240 18.172291 0.157968 18.173975772 0.11421008693 0.000968961137171 0.000102361453669 -1.46691860718 0.368053117423 -0.121432688992 0.0578736005877 54337.3256993 1.13724041971 0.07275
SDSS17253 19.970376 0.1715 19.9717397702 0.13276553546 0.000185010986075 2.27384803196e-05 -0.196986895995 0.420495959206 -0.122244366672 0.0658540963691 54341.6179222 1.33531958138 0.156
SDSS17258 18.818896 0.124187 18.8196615163 0.0599053604552 0.000534258083796 2.97235626297e-05 0.316969321348 0.210490635083 0.0272788074305 0.0325566701273 54342.5800012 0.645575757546 0.091
SDSS17274 20.397033 0.1635 20.3985449468 0.122213710401 0.000124867926612 1.40995185938e-05 1.9577313445 0.536122776016 -0.136685206855 0.0771916728894 54352.8797582 2.33697459639 0.178
SDSS17280 19.653248 0.147057 19.6530237454 0.099201590753 0.000248021180815 2.26654304581e-05 -0.839375174371 0.287151336367 -0.198043550207 0.0504771165008 54343.8032876 0.929323797329 0.13098
SDSS17332 20.680621 0.115898 20.6810547113 0.0404058574194 9.61926993131e-05 3.61442369091e-06 -0.237164638573 0.267541058367 0.036489449408 0.0337554437647 54358.0773615 0.241959164483 0.18286
SDSS17340 21.318433 0.119755 21.3195731878 0.049606773721 5.34473678949e-05 2.45805034222e-06 -0.0754753277985 0.430043944247 -0.00661333419201 0.0427446948063 54356.4074575 0.392662490045 0.25709
SDSS17366 19.554935 0.112284 19.5559422399 0.0287076968313 0.0002713523016 7.18350445844e-06 0.56710248131 0.165926284992 -0.0956141736561 0.0226553750479 54351.4640168 0.251075611108 0.13929
SDSS17389 20.780026 0.115438 20.7812953663 0.0391577462461 8.76863399426e-05 3.19640343018e-06 1.13039008233 0.371504538309 0.0582766841861 0.032567866995 54352.9933337 0.396311179389 0.172
SDSS17435 20.709521 0.115124 20.7109692481 0.0377145849641 9.36521651566e-05 3.25582220657e-06 0.901730192626 0.253993190106 -0.108869323988 0.0347093664354 54359.3615792 0.296512006804 0.218
SDSS17464 21.091966 0.116206 21.0939510247 0.0404712419897 6.57499340512e-05 2.47955724832e-06 0.0814396308661 0.566751903596 0.0526869544355 0.0405246305504 54358.5844474 1.1739566998 0.247
SDSS17497 20.04551 0.111949 20.0459997268 0.0273677076837 0.000172649676519 4.39486192301e-06 0.911413624775 0.12317578185 0.0377277267634 0.0224812297807 54364.7353832 0.121127556959 0.14473
SDSS17552 21.302566 0.11712 21.3044495662 0.0429772270946 5.41947739209e-05 2.16120517704e-06 1.24287220284 0.405156537236 0.000278393473013 0.0419865683114 54357.2675846 0.494621259488 0.25
SDSS17605 20.060753 0.119235 20.0616031307 0.0493294055535 0.00017022929598 7.80539881227e-06 0.71563106486 0.440707708005 0.0148941871972 0.037671099635 54352.5928619 0.919737833636 0.14643
SDSS17629 20.059419 0.113673 20.0601237955 0.0337312136328 0.000170362879043 5.35287529644e-06 -0.347674658396 0.145354588902 0.0603051875543 0.0266474500154 54370.3996132 0.111941360115 0.1369
SDSS17745 17.862299 0.114585 17.8643215897 0.0333696992976 0.00128868652199 3.97685896309e-05 1.07137858956 0.12092172558 -0.0500844619657 0.0255170907063 54372.4338098 0.134499620508 0.06
SDSS17784 17.320514 0.115396 17.3216308565 0.0276452275425 0.00212211587937 5.46075846681e-05 -0.728271806069 0.0774282292626 0.0603253109172 0.0222641694492 54367.0369343 0.0747441089807 0.03707
SDSS17791 21.739047 0.136665 21.7413280835 0.0822500446167 3.62412612337e-05 2.74884074864e-06 0.247627229885 0.692366768169 -0.186997715838 0.060527872449 54366.7134256 0.553462582473 0.279
SDSS17801 21.18231 0.131465 21.1836625223 0.0739166951495 6.05793177742e-05 4.15618548496e-06 -0.677572645289 0.47973363489 -0.0171426251698 0.0541679257061 54365.7224548 0.329792811841 0.2064
SDSS17809 21.478247 0.122739 21.4805087234 0.0561068167503 4.60687979439e-05 2.40013406054e-06 1.52279963232 0.426694959772 0.030002928008 0.0411386750233 54370.5748681 0.318607386678 0.282
SDSS17811 20.49004 0.114249 20.4914974674 0.0352067673105 0.000114632807864 3.72246228042e-06 1.03154644846 0.297418837618 -0.0975330009269 0.0267664724233 54355.2884273 0.27304380629 0.2
SDSS17825 20.410888 0.113136 20.4115866523 0.0318160202541 0.000123330962167 3.64213702328e-06 -0.14909730451 0.15792814929 0.00616436251713 0.0266627538285 54367.0177006 0.156530170687 0.161
SDSS17875 21.022641 0.116152 21.024031101 0.0408225664689 7.01809257282e-05 2.65299276702e-06 1.12031624859 0.320100559954 -0.0306714771418 0.038450437085 54362.4555805 0.402219966796 0.212
SDSS17880 18.984126 0.112772 18.9847914628 0.028463372143 0.000457557513374 1.22373585092e-05 -0.923586918458 0.108897859494 0.181137126136 0.0259802657675 54363.2707669 0.157028030968 0.07267
SDSS17884 20.859375 0.116252 20.8608331903 0.0407263546973 8.15749761972e-05 3.06071549369e-06 0.664166476432 0.280440488647 -0.124116977311 0.0367402318245 54369.0329767 0.270993018617 0.239
SDSS1794 20.083504 0.113002 20.0845647552 0.0313997312754 0.000166639224609 4.8647590472e-06 1.15366761039 0.317398962846 0.0308080512419 0.0257358782717 53624.7201303 0.55273719364 0.1426
SDSS18030 20.385861 0.118308 20.3871880122 0.047020291105 0.00012618199122 5.48969863279e-06 -0.605778220627 0.244876753707 -0.052007848338 0.0335173525667 54373.102721 0.20142246423 0.15641
SDSS18091 21.893176 0.138604 21.8950822054 0.0844043835636 3.1453857329e-05 2.44875301691e-06 -0.647917752218 0.649742295228 -0.195436307546 0.0631418987191 54372.1772079 0.582744611758 0.3715
SDSS18241 19.176568 0.11374 19.1776662277 0.0333536386387 0.000384452837403 1.18361162807e-05 -1.12337449932 0.129979923315 -0.0854825958138 0.0253151487022 54372.9502124 0.157065508025 0.095
SDSS18298 20.541778 0.127194 20.542869754 0.0662409462134 0.000108706837325 6.79606655322e-06 -2.7242521068 0.288070970323 0.255112617033 0.0479588407757 54374.3256399 0.2121928706 0.11982
SDSS18323 20.240999 0.115274 20.2423619471 0.0387661856686 0.000144183119839 5.17158614559e-06 0.159760192664 0.219867819843 -0.0434113347525 0.0283127928548 54375.4789574 0.162004336144 0.155
SDSS18325 21.278008 0.120869 21.2800286756 0.0522732176439 5.5445933604e-05 2.68107951659e-06 0.392895440127 0.368987077566 -0.0553057379509 0.044016779392 54378.6490835 0.426813816175 0.255
SDSS18375 19.337775 0.111743 19.3390599914 0.0261779695546 0.000330954812832 8.07404202875e-06 0.163567673481 0.125517041104 0.0661985353159 0.0208742155863 54383.8967138 0.219496814352 0.1085
SDSS18415 19.866162 0.113841 19.8675332344 0.0342748332912 0.000203654604905 6.44365865938e-06 -1.62361025353 0.175056868686 -0.0866754896092 0.0281406481982 54381.4287551 0.243849325787 0.13097
SDSS18463 21.322503 0.120817 21.3244517736 0.0519730618527 5.32209047289e-05 2.5600490391e-06 0.941315580538 0.405739434784 -0.0436867096127 0.0459628720378 54376.5163345 0.430768323746 0.268
SDSS18466 21.093299 0.115112 21.0937860563 0.0377404158086 6.57770221855e-05 2.3094938823e-06 -0.176160089302 0.240624488122 0.0314199542459 0.0333718647399 54381.4109778 0.342213305237 0.213
SDSS18485 21.278193 0.117336 21.2792389611 0.0430612502775 5.5490208372e-05 2.20574858494e-06 1.31567011715 0.410743116001 -0.0881488734034 0.0392309965094 54388.9376287 0.453898780863 0.279
SDSS18486 20.753569 0.114389 20.7540719815 0.0349154135136 9.00070125162e-05 2.89630626596e-06 1.11289930468 0.263746339969 -0.108783112577 0.0340447001078 54390.1032968 0.283616140656 0.246
SDSS18602 20.091364 0.113865 20.0927619203 0.0343687757524 0.000165317309749 5.2963203244e-06 0.915934813001 0.181596340439 0.062186744511 0.0279351858987 54393.7686778 0.132756572864 0.135
SDSS18604 20.912797 0.113509 20.9143458273 0.0329878372296 7.76460871479e-05 2.37056315378e-06 -2.07927482062 0.215555059055 -0.0464178029956 0.0295008572999 54387.3743575 0.208012967942 0.178
SDSS18612 19.674591 0.111953 19.6758282844 0.0271865384599 0.000242711877527 6.14753933101e-06 -0.73470305929 0.132844004402 0.0601653303944 0.0221865293105 54383.7046833 0.173414586363 0.11493
SDSS18617 22.0083 0.12816 22.0108738696 0.066626647292 2.82784238766e-05 1.74413540577e-06 -0.256201556993 0.881585005249 -0.0218788150285 0.0569602149762 54381.3220215 1.25951670901 0.322
SDSS18650 19.405852 0.112009 19.4071745462 0.0273994875081 0.000311164170299 7.88785493104e-06 0.885448232586 0.116190530916 -0.0433608708884 0.0219313008906 54387.8646113 0.128515673696 0.114
SDSS18697 19.224685 0.111682 19.2259609667 0.025886313229 0.000367590093658 8.82852195177e-06 0.749838362879 0.119928446255 -0.00274629292359 0.0211804844836 54384.4310422 0.193364284543 0.10726
SDSS18721 22.096499 0.148848 22.0985482914 0.100103549157 2.60890015176e-05 2.414597465e-06 0.144953143153 0.849228261399 -0.134776859987 0.0700133286824 54371.3893057 0.7370735939 0.393
SDSS18740 20.174029 0.111931 20.1751696178 0.0272501339113 0.000153305130965 3.8820449306e-06 -0.0349765680602 0.125852574313 0.0248483996436 0.0223428256439 54391.8057515 0.107531072616 0.157
SDSS18749 21.077159 0.114334 21.0785504772 0.0356248553374 6.66746467566e-05 2.21506171054e-06 -1.44124084282 0.373974531068 0.0655907222762 0.032760538158 54385.1055236 0.432717436102 0.188
SDSS18768 20.998833 0.118689 21.0002064061 0.0477020125597 7.17371562341e-05 3.16995477201e-06 -0.446421648676 0.294152085794 -0.0302510214593 0.037404600358 54378.9864819 0.391012347143 0.198
SDSS18787 21.201846 0.114568 21.2028277239 0.0363104368731 5.94897168851e-05 2.00911347374e-06 0.145971302344 0.430632653934 0.0356374779342 0.0318684284953 54387.2495234 0.448831534315 0.193
SDSS18804 20.425403 0.112617 20.4265063296 0.0295967859408 0.000121692906528 3.33174436949e-06 0.94778860204 0.197600423657 -0.0457042751702 0.0248938317567 54392.8085587 0.173570817944 0.192
SDSS18807 20.591414 0.113139 20.5916887702 0.0316933435521 0.000104496759351 3.07066582323e-06 0.470166609145 0.241505295464 -0.0122447141578 0.0269796818338 54390.2710402 0.236403509054 0.177
SDSS18809 19.747603 0.112485 19.7475750332 0.0294519977134 0.000227443212316 6.18580525132e-06 -1.1728560405 0.179369364293 -0.0769404522956 0.0240790364871 54383.1538666 0.267880584095 0.129
SDSS18835 19.509318 0.11183 19.5091912956 0.0267970237671 0.000283208703602 7.03572777789e-06 0.757720913376 0.109313310934 -0.0132860022743 0.0219006487962 54392.3872091 0.117048565397 0.12319
SDSS18855 19.700776 0.111895 19.7008477451 0.027103804038 0.000237402192519 5.9599593817e-06 0.24794073002 0.143765388585 -0.0278830331198 0.0221322646859 54385.9748639 0.208045543837 0.12783
SDSS18927 21.240608 0.117876 21.2411566178 0.0454683460002 5.7354931994e-05 2.43847152191e-06 -0.590113485218 0.377160522761 0.113054917459 0.040001102596 54386.8177755 0.404823389505 0.214
SDSS18940 20.966724 0.114762 20.9684170383 0.0365661384001 7.38755174607e-05 2.50011624957e-06 -0.943963028057 0.21380073655 -0.0487455332453 0.0340425617187 54396.7253607 0.19094813196 0.22
SDSS18945 21.597167 0.118128 21.5992808236 0.0453391018681 4.13196992222e-05 1.73290906058e-06 0.138984110051 0.489272814242 -0.0483312764514 0.042095920822 54390.3867393 0.436037296568 0.27
SDSS18965 20.719102 0.115117 20.7206136682 0.0378568700685 9.28239096015e-05 3.23902585984e-06 -0.639716935435 0.226971035486 -0.111894538784 0.0350225465948 54395.3423787 0.187652848806 0.206
SDSS19002 21.206503 0.116111 21.2076841852 0.0398172161375 5.92701817926e-05 2.17730427346e-06 0.323447493711 0.313376429341 -0.0973816469741 0.0373112483782 54393.1312392 0.285150167045 0.268
SDSS19008 21.084988 0.11934 21.0867454941 0.0490905267001 6.61562419123e-05 3.03004290195e-06 1.07944881453 0.390063006211 0.0852938978449 0.0400215268494 54392.6487858 0.348654989553 0.219
SDSS19023 20.841931 0.114848 20.8433665019 0.0364541393336 8.28989099588e-05 2.78352197849e-06 1.30228821314 0.271810300949 -0.118979594951 0.0356212393536 54389.8357458 0.278608777437 0.243
SDSS19027 21.355269 0.120303 21.3576016705 0.0503435781508 5.16084567918e-05 2.40829923819e-06 0.469262019744 0.540037230629 -0.00688115443699 0.0454376196864 54386.5521334 0.626797624667 0.295
SDSS19067 21.770897 0.125157 21.7732226135 0.0601081179773 3.52051594548e-05 1.95637201211e-06 0.552070494895 0.768176571154 -0.0657509736102 0.0552757607273 54386.8596058 0.850346628118 0.355
SDSS19101 20.773682 0.11449 20.7751417759 0.0361315427931 8.81975020876e-05 2.96533636369e-06 -0.170076947532 0.214237376877 0.0454817116053 0.0297967890162 54395.1979858 0.173785034654 0.187
SDSS19128 21.594277 0.119195 21.5966966184 0.047775414162 4.14204971112e-05 1.82905752872e-06 1.35245191227 0.599830682496 -0.0648585904943 0.0438174465437 54387.0474186 0.639085904728 0.287
SDSS19149 20.367563 0.11376 20.3685084168 0.0336344363223 0.000128320294672 4.00884949218e-06 1.17964378612 0.199894118911 0.0105821800096 0.0280835143804 54398.8272898 0.165156257961 0.196
SDSS19155 18.228158 0.112389 18.2292422089 0.0273024519033 0.000920897606776 2.31700689444e-05 1.20447120937 0.103122495738 -0.103884795169 0.0215935800809 54399.6826894 0.0686433268202 0.07688
SDSS19174 20.518238 0.114386 20.5191699101 0.0359882160258 0.000111629028617 3.74239669311e-06 -0.753250315264 0.213083364845 0.0565743356718 0.0312402069993 54394.8847309 0.189916729469 0.1647
SDSS19207 21.465617 0.121726 21.4677476368 0.0541781144057 4.6623479061e-05 2.34538265408e-06 0.432319285498 0.549482381445 0.0078586047561 0.0504750987546 54382.8728103 0.760229744457 0.2587
SDSS19230 21.280787 0.119543 21.2825930997 0.0495595221874 5.52396533233e-05 2.55467366149e-06 -1.62106970622 0.436163416154 0.079535505334 0.0458228965518 54390.4105525 0.427566757098 0.221
SDSS19282 20.292843 0.113152 20.2943517959 0.0317475857089 0.000137439939283 4.03744153627e-06 1.22464636823 0.237109528168 -0.0385863859321 0.0248910751294 54397.4343026 0.16282173256 0.177
SDSS19341 21.43872 0.118938 21.4403626391 0.0479999874854 4.77999117911e-05 2.13285230741e-06 -1.54952971661 0.36902059504 0.0333116022012 0.0433634731777 54393.2035306 0.31506065264 0.228
SDSS19353 20.209017 0.113617 20.2093259986 0.0335205135497 0.000148539746626 4.63111903541e-06 0.894087803512 0.205981910901 0.0363757500337 0.0266133253446 54398.6275351 0.134485709241 0.15403
SDSS19425 21.64322 0.128931 21.6447861188 0.0692725705332 3.95325938985e-05 2.56498913657e-06 -1.60431037439 0.465290489123 0.130619695812 0.0560573165042 54392.869287 0.421973388617 0.2116
SDSS19543 19.946008 0.112462 19.9474132966 0.0293115214667 0.000189163095205 5.13878576465e-06 -0.835084058434 0.136684892735 -0.0218907948843 0.0239094336807 54401.006018 0.119815999529 0.123
SDSS19596 21.541949 0.12122 21.5428459149 0.0525311338434 4.35236705788e-05 2.11546545955e-06 0.639977776649 0.498773004102 -0.0443299936451 0.0459162569226 54396.5210424 0.430263393915 0.292
SDSS19604 22.400726 0.140875 22.4030951926 0.0889148798349 1.96441936744e-05 1.63330714906e-06 1.17309312324 0.944334974005 0.172961921491 0.0714320238594 54396.2585536 0.784652193448 0.296
SDSS19616 20.24377 0.113442 20.2443506414 0.0328581100463 0.000143902959457 4.38222554717e-06 0.151959895841 0.190743545137 -0.0233690372877 0.026681889989 54403.5333246 0.138544939113 0.16549
SDSS19632 21.831913 0.126631 21.8334172539 0.0638260428455 3.33039321833e-05 1.96757840367e-06 0.153977190084 0.525367194484 -0.0445360426219 0.052496531587 54396.7135869 0.448487412701 0.308
SDSS19658 20.711318 0.116081 20.712847328 0.0407622367221 9.34903992741e-05 3.51904927626e-06 -0.00740495765849 0.254100629026 -0.0844763462486 0.0353019605453 54401.8122568 0.18355844438 0.2
SDSS19702 21.593672 0.121714 21.5946717818 0.0540018598207 4.14983312224e-05 2.07150167624e-06 -1.09585799548 0.456153925362 -0.0729101320372 0.049063365658 54397.2262201 0.392023132612 0.269
SDSS19757 21.991848 0.134806 21.993819885 0.0775516027357 2.8732988022e-05 2.05914858326e-06 0.174516219745 0.891195747189 -0.104570181059 0.061379947451 54400.4637629 0.829436313765 0.403
SDSS19775 20.268803 0.113428 20.2698886555 0.0328982179965 0.000140358146788 4.31544195079e-06 -0.228704000485 0.199062233258 0.0936986775039 0.028260506961 54404.42565 0.182810538332 0.1379
SDSS19794 22.241585 0.134209 22.2440242043 0.0779130952112 2.27976626013e-05 1.65126805587e-06 -2.42728823169 0.683233323137 0.0455275444454 0.0706102264963 54396.1296579 0.593736265397 0.29698
SDSS19818 21.507747 0.124168 21.5093685639 0.0590097941251 4.48757064698e-05 2.45573107264e-06 1.18129108472 0.550491158765 -0.00510835201119 0.0457215653172 54402.1474303 0.404969041607 0.293
SDSS19899 18.477718 0.111899 18.4793396801 0.0262197982337 0.000731338415017 1.7622191486e-05 0.28447799035 0.193638904275 -0.146258367281 0.0210649207682 54418.7596934 0.16266867271 0.0914
SDSS19913 20.820147 0.114899 20.8218263843 0.0371772296056 8.45584041606e-05 2.90748025416e-06 0.0826919368094 0.339193822348 -0.0590728746418 0.0342300745189 54406.1432381 0.349768763692 0.207
SDSS19940 19.800673 0.112189 19.8016744644 0.0283315725619 0.00021631445616 5.6877068023e-06 1.04449509946 0.206385217309 -0.00464789745182 0.0245680185096 54407.7794203 0.176587776044 0.147
SDSS19953 19.195923 0.111671 19.1972912197 0.0260658390179 0.000377548488385 9.05523575486e-06 0.743345563536 0.185080126034 -0.126086240298 0.0215087783775 54415.1442072 0.159411768356 0.119
SDSS19968 18.010876 0.112893 18.0125324397 0.0261125322098 0.00112413551268 2.71824837633e-05 -1.88911669181 0.175787973162 -0.0351205360833 0.0234288826159 54412.6773226 0.102792479323 0.05603
SDSS19969 20.50996 0.113041 20.5107610436 0.0313619760972 0.000112553236077 3.28036944683e-06 0.0467856582771 0.248222345662 0.0167878089785 0.0265782468668 54409.0503889 0.235155099501 0.17524
SDSS19990 21.379199 0.119541 21.3804825689 0.0492427701123 5.05491975715e-05 2.29944808118e-06 -1.31371540218 0.332899736433 -0.0863727719596 0.0455238052196 54403.3298876 0.29815902036 0.246
SDSS19992 21.145906 0.122907 21.1477985535 0.0571519051152 6.26307574394e-05 3.30811018321e-06 0.273494537725 0.52556503157 -0.0809331896799 0.045810562758 54404.5943207 0.455565681037 0.226
SDSS20039 21.379054 0.118174 21.3809864767 0.0458160337773 5.04704521458e-05 2.1565942826e-06 0.725208349438 0.490817008079 0.0606817475128 0.0438052502501 54408.0827013 0.509834928605 0.247
SDSS20040 21.246461 0.118366 21.2487373057 0.0457025216902 5.70700084243e-05 2.40551004093e-06 0.704019414807 0.624505949334 -0.110344502946 0.0438522531376 54410.7858955 0.500055942426 0.285
SDSS20048 20.90687 0.117002 20.9084347546 0.0434824385532 7.80300624551e-05 3.15277629241e-06 -0.682083405222 0.491864156019 0.021693050853 0.0386401509625 54410.1649992 0.357632610816 0.182
SDSS20064 19.26048 0.112416 19.26195071 0.0288361377008 0.000355374055204 9.54885299905e-06 0.849268845074 0.180934809359 0.0556391139114 0.0238006445459 54413.1397722 0.119874269687 0.10524
SDSS20084 20.554137 0.113865 20.5555666771 0.0343551368126 0.000107752008408 3.4762368024e-06 0.129042377355 0.276747587761 0.154984308866 0.0296497503172 54407.1528996 0.252099467642 0.131
SDSS20088 20.934675 0.113403 20.9365238585 0.0315738323429 7.60688622616e-05 2.20515791157e-06 -0.240939814929 0.20848540236 -0.162185831906 0.0316147932439 54407.8458418 0.225044970881 0.2449
SDSS20106 22.047888 0.135299 22.0504778039 0.0793650333398 2.72715945902e-05 2.00003371881e-06 -0.983241609312 0.719072957054 -0.113774522614 0.06718904514 54404.136568 0.796624310489 0.333
SDSS20111 21.41238 0.118064 21.4144727792 0.0455614077338 4.89673473423e-05 2.07166322465e-06 -0.0295820064677 0.581619675906 0.00903525048762 0.0442357333308 54410.0554194 0.489711954961 0.245
SDSS20142 21.289082 0.118861 21.2911605411 0.0463948879733 5.48839939876e-05 2.35054622607e-06 0.849073931618 0.676795531359 -0.0916867392278 0.0403686873281 54412.6434342 0.485189460534 0.316
SDSS20144 20.772595 0.11463 20.7742168323 0.0361496214266 8.83536999611e-05 2.94626888176e-06 0.204476451965 0.593762387072 -0.096868014269 0.0333350127804 54415.9589788 0.54194603517 0.22
SDSS2017 21.301262 0.122802 21.3033599473 0.0565172756935 5.4270295211e-05 2.83113496479e-06 1.39215735608 0.544855155665 -0.105854897479 0.0481952453943 53635.992671 0.558427231437 0.2616
SDSS20227 21.510915 0.11747 21.5133209867 0.0433491076038 4.47220682864e-05 1.78479949866e-06 -1.29133999357 0.514908265405 -0.149792790055 0.0462413565803 54408.4847282 0.533644583735 0.284
SDSS20245 21.668758 0.125866 21.671260856 0.0623870686195 3.86374186741e-05 2.24243290929e-06 -0.60247605167 0.897102764568 0.045498531556 0.0545931324469 54411.8875125 0.588258486106 0.302
SDSS2031 19.681123 0.112035 19.6820519734 0.0276952053614 0.000241580868468 6.15655922463e-06 0.506889329433 0.140310914245 -0.12952742004 0.0227971981452 53636.9185718 0.139273294153 0.153
SDSS20345 21.267444 0.11624 21.2695115249 0.0402565119634 5.59886279961e-05 2.07844746797e-06 -1.68534849524 0.524113639978 -0.11052027193 0.0433115017047 54418.2086902 0.538248847504 0.265
SDSS20364 21.110632 0.11761 21.1119179749 0.044766312622 6.46860754408e-05 2.69424327665e-06 0.569210438966 0.818147122268 0.0347510191755 0.0413573577742 54419.9808235 0.85940619434 0.215
SDSS20430 20.750876 0.114429 20.7518622464 0.0361285548001 9.01313192971e-05 3.02646368104e-06 -1.19247981165 0.513315338375 0.0239288695318 0.031743215711 54415.2312015 0.379840113706 0.164
SDSS20470 19.953688 0.113068 19.9536133368 0.0315796642073 0.000187967525085 5.53234265256e-06 0.657384852033 0.428773747647 0.0442039220772 0.0290796131114 54419.2278935 0.369973445675 0.125
SDSS20575 20.622004 0.114454 20.6234746119 0.0359170948433 0.000101435748431 3.3894143774e-06 0.16099283219 0.493563447335 0.0342346259838 0.0321580975878 54416.3079837 0.446081666374 0.196
SDSS20581 20.612992 0.114345 20.6147252601 0.0354263665135 0.00010233055208 3.33855476413e-06 -0.457772549841 0.440030416185 -0.122372961848 0.0330263676327 54416.9512018 0.397419125886 0.207
SDSS20625 19.481026 0.112607 19.4823940362 0.0296368370921 0.000290262657853 7.98058116758e-06 -0.10692709403 0.203468516336 -0.00434967490946 0.0236229412006 54423.5952847 0.175131358294 0.10796
SDSS20687 21.111734 0.118492 21.1130399793 0.0472885362687 6.44900000859e-05 2.85495386316e-06 -0.570146844206 0.691649343731 0.148524954284 0.0454532652266 54421.0057078 0.726689491206 0.189
SDSS20764 20.274432 0.113522 20.2753642181 0.0331385481316 0.000139881677043 4.27394115304e-06 -1.40780390728 0.375679480374 -0.105729424344 0.0297469249133 54421.627499 0.34590034034 0.165
SDSS21006 21.340912 0.116557 21.3420386268 0.0406539318637 5.23692162168e-05 1.96148235285e-06 -0.0940570933649 0.757082438019 -0.124338679628 0.0393476172104 54415.1515524 0.526665920315 0.291
SDSS2102 18.639465 0.112725 18.6405629881 0.0297127281193 0.000630493970827 1.72601827509e-05 1.27188551527 0.195787311915 -0.110819873672 0.0215908471862 53620.190793 0.503311809334 0.0951
SDSS21033 21.000868 0.11565 21.0021829181 0.0391297926986 7.16202030222e-05 2.58724048358e-06 -0.793564354314 0.516124101583 -0.0876599619824 0.0405460751925 54421.0773186 0.556216236757 0.229
SDSS21034 19.591919 0.112402 19.5928102883 0.0288671886026 0.000262098807958 7.0347399521e-06 0.0142099901761 0.281368680188 0.0322010130296 0.0239064560206 54426.0306726 0.280164682154 0.10856
SDSS21042 21.379309 0.124489 21.3814334725 0.0594083248534 5.05050389912e-05 2.77092860119e-06 1.24504304304 0.754123020534 -0.0955170202901 0.0507185486747 54423.4028327 0.744704104738 0.312
SDSS21062 20.358304 0.114307 20.3596459894 0.0358099910273 0.000129367397495 4.30558888607e-06 0.819512905209 0.373183262097 0.0132952493244 0.0311108851688 54425.6459308 0.301899428774 0.147
SDSS21502 18.825522 0.112907 18.8271523561 0.030129100468 0.000530896383031 1.47929399864e-05 -0.319465410288 0.240418898156 -0.0512924343542 0.0240854864124 54427.2744716 0.207134951896 0.08916
SDSS21510 19.741298 0.11378 19.7425834876 0.0340851050136 0.00022845619542 7.16175814284e-06 -0.845450302517 0.331799058187 -0.155196792303 0.0285370789942 54429.4321961 0.302636748947 0.14972
SDSS2165 21.604938 0.11978 21.6070416134 0.0491963468011 4.1027461047e-05 1.86099334942e-06 0.477721678744 0.547855192821 -0.121456947294 0.042874411672 53634.3474112 0.465033316766 0.288
SDSS21669 19.555089 0.129766 19.5562947369 0.0710732320132 0.000271259971581 1.78147938795e-05 -1.34115686449 0.599432190512 -0.0795281304738 0.0300044341519 54429.8500876 0.902002116061 0.12407
SDSS21861 20.476939 0.121972 20.478549263 0.0554439019785 0.000115982800945 5.96318483763e-06 0.132373450345 0.869814998647 -0.025412605643 0.052754564999 54432.8201806 0.920790614327 0.188
SDSS22075 19.928783 0.113756 19.9295234122 0.0339892139384 0.000192316627286 6.05063160522e-06 -1.6826930438 0.334942285717 -0.0318481149365 0.0298305652915 54425.9421522 0.328905948027 0.12996
SDSS2246 20.982429 0.11684 20.9826800499 0.0429204875279 7.28262178493e-05 2.9132461669e-06 0.35041980074 0.360628005827 0.0715940944221 0.0353810622867 53634.176573 0.328719584715 0.1949
SDSS2308 19.597186 0.111944 19.5959570829 0.0273379367619 0.000261437891791 6.55674263568e-06 0.675888415497 0.123132314155 -0.181409017318 0.0219000587149 53630.5880956 0.136429452454 0.148
SDSS2330 21.774529 0.124547 21.7762120478 0.0607128534382 3.50766575593e-05 1.98291021623e-06 -1.880374717 0.548188491059 0.0451100874465 0.0565075342343 53635.4771388 0.495836936661 0.2132
SDSS2372 20.567619 0.113572 20.5681499912 0.0331718513416 0.000106743423721 3.29278884707e-06 0.279554082447 0.208946684996 0.0303828100191 0.0277490523792 53636.7454487 0.221703185955 0.1805
SDSS2422 21.149878 0.115945 21.1520819138 0.0393992767941 6.23664005275e-05 2.25772742262e-06 0.989701972836 0.318115814662 -0.171197261477 0.0397915409618 53639.5928468 0.342413168615 0.265
SDSS2440 20.644093 0.114217 20.6446397205 0.0351838672667 9.95531623825e-05 3.23263154423e-06 0.395729020505 0.28539799609 -0.0868665999795 0.028736890477 53634.9797251 0.327010541081 0.193
SDSS2533 21.773378 0.129777 21.7752313931 0.0694309640661 3.51410878946e-05 2.25548435657e-06 1.76105376322 0.686843322603 -0.076669918737 0.0524605101729 53640.3648256 0.640853536956 0.34
SDSS2561 19.784621 0.112518 19.7848068989 0.0294811548738 0.000219597064447 6.02645454828e-06 -0.0826806795586 0.115448607939 0.0396328555206 0.0243509549173 53639.2542929 0.145746641199 0.11813
SDSS2635 19.815354 0.112072 19.8152555583 0.0278681400712 0.000213682931071 5.50765747199e-06 0.863283842324 0.133478838998 -0.0490191839243 0.0228427342661 53640.2729024 0.169984126387 0.1437
SDSS2689 20.253587 0.114045 20.2545290731 0.0349078305929 0.000142394188577 4.6339314052e-06 1.39168765754 0.194496066779 0.0805195680006 0.0279449000007 53637.0535228 0.188838221267 0.16149
SDSS2789 21.563138 0.124095 21.5655875224 0.0588998640131 4.26254995376e-05 2.31732562928e-06 -0.761709436913 0.519354778217 -0.110723915862 0.0528707659432 53636.3214405 0.490633946214 0.2903
SDSS2916 19.970954 0.119632 19.9719850612 0.0502403810927 0.000184777403722 8.64776986007e-06 -0.872609209351 0.235871316778 0.0568719491461 0.0348988812674 53643.8924762 0.164405011477 0.1242
SDSS2943 21.371914 0.117962 21.3738464882 0.0449805743958 5.08495811707e-05 2.11780862081e-06 0.531822798215 0.420163937596 -0.0285699089133 0.046620148731 53640.4933704 0.522042947141 0.2654
SDSS2992 20.042918 0.113495 20.0426841212 0.0330885959559 0.00017298683995 5.35446076011e-06 -0.969154287519 0.139594464613 0.106469972385 0.0278453497307 53641.1621581 0.195081057267 0.1266
SDSS3080 20.242601 0.112831 20.2438075486 0.0306018936612 0.000143995127124 4.07462728138e-06 0.120043831816 0.188612269218 -0.0497386556164 0.0237674933901 53647.6529575 0.142855419141 0.175
SDSS3087 20.259822 0.11306 20.2608868345 0.0315140758673 0.00014169567574 4.14318160627e-06 0.52278949472 0.188014797976 0.00595030752082 0.0244922280832 53648.886975 0.139594394946 0.1656
SDSS3199 21.547293 0.118164 21.5493749569 0.0457317901246 4.32485773924e-05 1.83425084439e-06 1.61894246244 0.367097332424 0.00504670125276 0.0392923716251 53647.3302778 0.372339716945 0.2511
SDSS3317 20.351465 0.113095 20.3523506969 0.0316717207142 0.000130226709707 3.83074445452e-06 -0.522200417813 0.18135491498 0.0208337320497 0.0253680717686 53646.4165845 0.168794610294 0.1611
SDSS3377 20.797565 0.115275 20.7980956228 0.0377341290468 8.64310038262e-05 3.01147225204e-06 1.03844906184 0.300884551432 -0.080192478318 0.0350821519 53645.9402739 0.32258352741 0.2451
SDSS3451 20.952989 0.116195 20.9550627996 0.0403890957119 7.47920650181e-05 2.79377623182e-06 0.650834316597 0.314029700634 -0.0549331873389 0.037681102411 53645.1818029 0.306481759402 0.25
SDSS3452 20.806588 0.115979 20.808493683 0.0400774083531 8.56079130827e-05 3.16645662937e-06 0.906222444815 0.268321558476 -0.0907377354766 0.035860149143 53648.4829612 0.272383867559 0.2304
SDSS3592 18.765187 0.111932 18.7664926345 0.0260879286288 0.000561380932944 1.3549246202e-05 -0.145166738389 0.0706072228925 -0.0431033613828 0.0203810124332 53645.0588099 0.061599393197 0.08642
SDSS3901 18.039954 0.112357 18.0393195817 0.0254839497317 0.00109602443533 2.60033498246e-05 1.18326214205 0.0765426872064 0.0410016383082 0.0234761321329 53657.0002163 0.0906984143512 0.06282
SDSS4000 21.898888 0.128283 21.9005578392 0.0674113547504 3.13002254134e-05 1.95579091231e-06 -1.04266473317 0.574213933331 -0.012101115303 0.0604723910073 53643.0550914 0.772154993294 0.2786
SDSS4046 21.521059 0.119548 21.5234147908 0.0488116210024 4.42957343773e-05 2.00463968251e-06 0.798040365053 0.508893811111 0.00237986286232 0.0437257697016 53645.760684 0.511839009043 0.277
SDSS4241 21.962505 0.12568 21.9648527155 0.0615638307381 2.95081105866e-05 1.6802140508e-06 0.244648398023 0.636657764854 -0.0563942665589 0.0541482287164 53638.4710156 0.715237171655 0.332
SDSS4577 22.096096 0.13291 22.0976052796 0.074805217802 2.61124775233e-05 1.80653997939e-06 0.320107368088 0.770081936456 -0.062615606863 0.0539956862101 53648.0864269 0.716849902081 0.363
SDSS4679 22.092013 0.136212 22.094163789 0.08091576811 2.61552527093e-05 1.96972548382e-06 0.953409049168 0.714429061139 0.0909837401521 0.0576700018546 53654.3272386 0.635768300064 0.3324
SDSS5103 20.35959 0.113217 20.3610183743 0.0321002607843 0.000129197971167 3.85354603341e-06 -0.229365446121 0.149789015036 0.0161218286949 0.0268711841181 53654.60517 0.149708134148 0.1619
SDSS5391 21.702057 0.128841 21.7030579028 0.0681931846503 3.75497984398e-05 2.37215384477e-06 0.260673738067 0.553427539147 -0.031138317559 0.0551616647226 53658.6906393 0.568437982136 0.3009
SDSS5395 19.462745 0.111949 19.4628001369 0.0272121750536 0.000295578236341 7.45543709693e-06 1.19350534874 0.13431426431 -0.0157784169666 0.0219821347196 53663.880486 0.147747515031 0.117
SDSS5533 21.161023 0.114544 21.1627491773 0.0358806299774 6.17359857143e-05 2.06037906845e-06 -0.0799036639942 0.271501670272 0.0222965868063 0.032779182869 53667.4387499 0.327956639176 0.2197
SDSS5549 19.648787 0.111976 19.6501442602 0.0273688166152 0.000248688939882 6.31865982793e-06 0.25343267181 0.0971666590557 0.00534466669792 0.0220417099676 53666.084652 0.10361947276 0.121
SDSS5550 19.866725 0.111655 19.8680896219 0.0261014161109 0.000203535185593 4.91281422901e-06 1.89306033636 0.198241652965 -0.0488169871187 0.0218856946482 53671.4966747 0.204195050286 0.1561
SDSS5635 20.91017 0.117139 20.911650986 0.043869121792 7.78329775553e-05 3.16377622904e-06 0.0408336340443 0.391184805403 -0.0279085586238 0.0360949738908 53662.3051827 0.313681458716 0.1795
SDSS5717 21.337855 0.115791 21.3396637225 0.0391799606028 5.24769203871e-05 1.904866636e-06 1.41770553191 0.338083027989 -0.0298444075918 0.0350056696967 53664.2031462 0.316005424651 0.2517
SDSS5736 21.405599 0.115824 21.4072955591 0.0392555430257 4.92997368511e-05 1.79597285606e-06 -0.217638222803 0.302475082721 -0.00876622549773 0.0355397629266 53665.7476215 0.280191775109 0.253
SDSS5751 20.11706 0.112137 20.118259023 0.0281021191878 0.000161226231588 4.24830101554e-06 0.678679171804 0.10699344745 0.146762221963 0.022918922785 53666.0759172 0.120210860536 0.1308
SDSS5844 21.575751 0.120483 21.5781387338 0.0505032189362 4.21312673368e-05 1.96008588188e-06 0.392812629118 0.509664886393 -0.142283480198 0.0419275224232 53663.6353008 0.52847362672 0.3108
SDSS5957 21.447891 0.118155 21.4494482526 0.0452400168717 4.74368885857e-05 1.97786476629e-06 -0.186486707055 0.424536876247 -0.121945432219 0.0410953740738 53666.6665093 0.378943412044 0.2796
SDSS5994 20.479366 0.114889 20.4804974642 0.0373764020518 0.000115794877835 3.99997569943e-06 0.74650054515 0.260368495251 -0.0616626725911 0.0287117716284 53665.7403265 0.265503090828 0.187
SDSS6057 18.639629 0.112612 18.640065114 0.0271586049439 0.00062957946058 1.60020318178e-05 -0.42088493762 0.107591309568 0.108183578772 0.0248436189604 53663.607675 0.100871926661 0.06707
SDSS6108 21.525113 0.117106 21.527265608 0.0427860825671 4.41233622506e-05 1.75682013255e-06 0.454669631471 0.633542014294 0.0355298514876 0.0431162606807 53675.1981597 0.61442938765 0.2595
SDSS6137 21.522329 0.124118 21.5242107692 0.0588026775464 4.42747853549e-05 2.39836521285e-06 0.359245230506 0.712787521862 -0.15099490599 0.0511559139755 53669.534253 1.0772940727 0.3001
SDSS6192 21.678524 0.118685 21.6808537637 0.0467410805609 3.83303390642e-05 1.65673784007e-06 -1.94823044645 0.77070376624 -0.0617416829007 0.048034073416 53672.8207764 0.521548026067 0.272
SDSS6196 21.551471 0.11948 21.5538117901 0.0485859687209 4.30784251791e-05 1.94120190397e-06 -1.51964968304 0.540098832366 -0.0170380361797 0.0457600387973 53669.4690409 0.518462848184 0.2807
SDSS6249 21.783514 0.119196 21.7858942458 0.0476498077167 3.47728367486e-05 1.54007030616e-06 0.575567100564 0.658029338706 0.0314398308071 0.0464835684504 53675.3803825 0.650547409765 0.2944
SDSS6304 20.949871 0.113593 20.9509499188 0.0331325360579 7.49880887077e-05 2.31685863678e-06 -0.537569813693 0.376780181714 0.0684135847813 0.0288308344152 53673.0887369 0.270573328769 0.1908
SDSS6315 20.925675 0.114629 20.9274300206 0.0352914529717 7.66894379691e-05 2.48200430563e-06 -0.0913826269321 0.362529158023 -0.194032025759 0.037189519764 53676.663645 0.331848683174 0.267
SDSS6406 19.60877 0.111795 19.6089483254 0.0266595566313 0.000258324900081 6.38967095541e-06 0.118662278134 0.130092376426 -0.00354254946125 0.021629677183 53674.7720478 0.104773524363 0.12449
SDSS6422 20.273166 0.112208 20.2747576948 0.0281150438175 0.000139959771941 3.62616930165e-06 0.809261115627 0.210841216073 -0.105454366114 0.0237439567943 53667.9781738 0.258216440332 0.184
SDSS6558 17.716443 0.112867 17.7181498279 0.0263429617469 0.00147425083114 3.59740180387e-05 1.05369060226 0.0899690116034 -0.0294758321354 0.0236071206486 53675.0296832 0.0914194628931 0.05742
SDSS6649 21.594837 0.118305 21.5965842411 0.0449866116503 4.142614475e-05 1.72049315559e-06 0.720910849164 0.598824132266 -0.088234476033 0.0443289797175 53677.8079231 0.599570228092 0.314
SDSS6699 21.797035 0.122358 21.7993226641 0.0548270532726 3.43668674535e-05 1.73755326797e-06 -0.673205290544 0.833007006433 -0.139231982159 0.0483784888064 53675.4144178 0.576671631214 0.3106
SDSS6780 20.954698 0.120729 20.9562753915 0.0525394619531 7.46984498174e-05 3.63796011302e-06 -1.76705480896 0.372533758005 -0.0306165129558 0.042849642572 53665.5631872 0.398884887305 0.202
SDSS6924 21.644769 0.11903 21.6473037487 0.0465910461055 3.95350171218e-05 1.70157508189e-06 0.908727651281 0.762098259262 -0.0730398634808 0.0424546502258 53674.587947 0.652335935894 0.328
SDSS6933 20.83092 0.114069 20.8325305733 0.0344366664794 8.37114400768e-05 2.67302887714e-06 0.0767429750792 0.234762554752 -0.0197905096247 0.0323978446983 53679.8506666 0.231598807666 0.213
SDSS6936 20.567027 0.113497 20.5683491656 0.0329151154402 0.000106774017995 3.25670917814e-06 0.0275872807417 0.307512311392 -0.0212986879723 0.0286891820534 53680.61937 0.313306872707 0.181
SDSS7143 22.0549 0.118973 22.0574243299 0.0469154826538 2.70841196948e-05 1.17866748101e-06 -0.477103063847 0.601367809256 0.0114205822878 0.0440867054049 53677.7928991 0.5770899614 0.304
SDSS7147 19.47415 0.112096 19.475634273 0.0276862086313 0.000292182164042 7.46167102129e-06 -1.91434269344 0.157266119305 -0.0948070634344 0.0238474521374 53679.6703084 0.136457752873 0.1106
SDSS722 18.716573 0.128423 18.7181997483 0.068148053788 0.00058698321952 3.69736953541e-05 -0.471484815964 0.186234678556 -0.0871120773638 0.0347406909897 53610.8510547 0.626358382135 0.08652
SDSS7243 20.782139 0.117808 20.7837262616 0.0454116136528 8.756219132e-05 3.68494988448e-06 0.7223124775 0.380664879952 -0.0206024017631 0.0390077381958 53686.2877352 0.324176085214 0.2037
SDSS744 19.808548 0.118731 19.8098346109 0.048073039326 0.000214503306844 9.60627957644e-06 1.40131732056 0.317075738169 0.0714018512779 0.0323647278461 53612.8591694 0.783336640969 0.1278
SDSS7473 20.88535 0.114262 20.8870870041 0.035028838113 7.96294866475e-05 2.57280484938e-06 -0.182982602254 0.278253788426 -0.0980135504377 0.0330649091948 53679.5501228 0.247455177883 0.216
SDSS7475 21.537605 0.117246 21.5400636766 0.0419583954561 4.36279748838e-05 1.68394972556e-06 0.67710044953 0.57887218642 -0.169810783357 0.040337523132 53676.4779181 0.548063797636 0.322
SDSS7512 21.098936 0.116348 21.0993096713 0.0412784326974 6.54669679533e-05 2.50742351875e-06 0.501492121742 0.366635119319 -0.00265539517303 0.0371797170607 53682.5344551 0.353029223934 0.219
SDSS762 20.632628 0.114249 20.6339826732 0.0353104382656 0.000100521967414 3.28535367669e-06 1.12591939161 0.267088320785 -0.0388171644653 0.0302489002721 53625.1492522 0.282810416262 0.1914
SDSS774 18.939486 0.122156 18.9405423501 0.0556268802087 0.000478191774764 2.46474561939e-05 0.664571467642 0.266135469607 -0.024864820597 0.0316391854837 53609.2433035 0.997261500117 0.09349
SDSS7779 21.922589 0.118539 21.9243291132 0.0440775984925 3.06321707945e-05 1.24571105498e-06 1.31685395057 0.633038000813 -0.102540377865 0.0427744123629 53675.693009 0.599579855741 0.3812
SDSS7847 21.20352 0.115658 21.2045732599 0.0393847204933 5.93127781509e-05 2.1859242928e-06 0.0879285138392 0.38216723267 0.120135701031 0.0354881574865 53682.0192063 0.366846110428 0.2124
SDSS8046 21.619985 0.119891 21.6212261499 0.0499041940798 4.04627238662e-05 1.87631472714e-06 0.24359780928 0.475085786254 0.0407155778111 0.0470802025025 53683.3355568 0.46517373954 0.2593
SDSS8213 21.108509 0.117564 21.1100673591 0.0449501845747 6.46491461484e-05 2.72221593775e-06 -0.656771252307 0.327804589015 0.160218989467 0.0375671750418 53683.7286641 0.291700664853 0.1847
SDSS8495 20.819745 0.121443 20.8215077567 0.0540477694701 8.4568413913e-05 4.23674862885e-06 0.751947756798 0.462652430574 -0.0233371836983 0.0414557165351 53689.9014656 0.34511544097 0.2144
SDSS8719 19.419454 0.113022 19.4207518732 0.0313367146569 0.00030732251016 8.89813428854e-06 -0.0208012409076 0.160846457522 -0.0664131339433 0.0234330339301 53690.0336018 0.105513809169 0.1178
SDSS8921 19.969519 0.114616 19.9707292601 0.0367861174251 0.000185114150872 6.31898864183e-06 0.872358212577 0.254959162414 0.00149332502406 0.0284215262749 53693.044989 0.197924309414 0.1453
SDSS9032 21.349051 0.126796 21.3511864237 0.0648212160911 5.19035749972e-05 3.12450485188e-06 0.872316581742 0.593677927733 0.0159489869075 0.0510572315626 53688.9410375 0.492807284394 0.254
SDSS9457 21.432154 0.130119 21.434307954 0.07107395682 4.80925930078e-05 3.17020298045e-06 -0.36120245295 0.567166331249 -0.0211635391866 0.0584013551845 53688.8226329 0.516594961042 0.2569
SDSS9467 21.069215 0.124622 21.0709508107 0.0608208406112 6.72182983504e-05 3.7678230131e-06 -1.39576442401 0.369500283001 -0.141924350826 0.0558209862248 53688.8241683 0.335816766103 0.2184
