@MEASUREMENT_RADIUS 4.7 cm
# lambda : Angstroms 
# tr : transmission ([0,1]) 
# end
6655 0
6660 0.000470238
6665 0.00140763
6670 0.00239579
6675 0.0034357
6680 0.0037385
6685 0.00397449
6690 0.00423069
6695 0.0045058
6700 0.00479953
6705 0.00511388
6710 0.00544988
6715 0.00581043
6720 0.00619661
6725 0.00661182
6730 0.00705818
6735 0.0075373
6740 0.0080586
6745 0.00862308
6750 0.00922711
6755 0.00987976
6760 0.0105774
6765 0.0113276
6770 0.0121417
6775 0.0130168
6780 0.0139645
6785 0.0149865
6790 0.0160885
6795 0.0172817
6800 0.0185674
6805 0.0199589
6810 0.021463
6815 0.0230891
6820 0.0248581
6825 0.026773
6830 0.0288511
6835 0.0311128
6840 0.0335662
6845 0.0362451
6850 0.0391754
6855 0.0423668
6860 0.0458418
6865 0.0495943
6870 0.053644
6875 0.0580332
6880 0.0627887
6885 0.0679696
6890 0.073598
6895 0.0796961
6900 0.0863337
6905 0.0935216
6910 0.101341
6915 0.109868
6920 0.119126
6925 0.129181
6930 0.140055
6935 0.151739
6940 0.164318
6945 0.177799
6950 0.192305
6955 0.207946
6960 0.224723
6965 0.242698
6970 0.261791
6975 0.281947
6980 0.30327
6985 0.325638
6990 0.349088
6995 0.373579
7000 0.398929
7005 0.425214
7010 0.452205
7015 0.47979
7020 0.507814
7025 0.535955
7030 0.56416
7035 0.592232
7040 0.61997
7045 0.647377
7050 0.674052
7055 0.699922
7060 0.724915
7065 0.748754
7070 0.771492
7075 0.792851
7080 0.81262
7085 0.830826
7090 0.847375
7095 0.862424
7100 0.876058
7105 0.888284
7110 0.899176
7115 0.908788
7120 0.917205
7125 0.924552
7130 0.930896
7135 0.936324
7140 0.940921
7145 0.944769
7150 0.947944
7155 0.950523
7160 0.952555
7165 0.954138
7170 0.955348
7175 0.956235
7180 0.956887
7185 0.957352
7190 0.957652
7195 0.957794
7200 0.957794
7205 0.957701
7210 0.957554
7215 0.957385
7220 0.957208
7225 0.957023
7230 0.956834
7235 0.956678
7240 0.956541
7245 0.956414
7250 0.956312
7255 0.956262
7260 0.95625
7265 0.956272
7270 0.956353
7275 0.956461
7280 0.956637
7285 0.956837
7290 0.957064
7295 0.957326
7300 0.957549
7305 0.957781
7310 0.958021
7315 0.958244
7320 0.958531
7325 0.95882
7330 0.95906
7335 0.959281
7340 0.959468
7345 0.959614
7350 0.95976
7355 0.959873
7360 0.959934
7365 0.959997
7370 0.960023
7375 0.959993
7380 0.959931
7385 0.959794
7390 0.95959
7395 0.959339
7400 0.958992
7405 0.958594
7410 0.958161
7415 0.957686
7420 0.957177
7425 0.956605
7430 0.955951
7435 0.955243
7440 0.954499
7445 0.953734
7450 0.952936
7455 0.952054
7460 0.95115
7465 0.950208
7470 0.949239
7475 0.948285
7480 0.947278
7485 0.946252
7490 0.945239
7495 0.944219
7500 0.943222
7505 0.942209
7510 0.941183
7515 0.940193
7520 0.939213
7525 0.938293
7530 0.937443
7535 0.936571
7540 0.935746
7545 0.934968
7550 0.934234
7555 0.933607
7560 0.933039
7565 0.932519
7570 0.932071
7575 0.931685
7580 0.93138
7585 0.931186
7590 0.931067
7595 0.931024
7600 0.93105
7605 0.931148
7610 0.931356
7615 0.931678
7620 0.932084
7625 0.932567
7630 0.933128
7635 0.933773
7640 0.934511
7645 0.935354
7650 0.936249
7655 0.937203
7660 0.938252
7665 0.939368
7670 0.940558
7675 0.941826
7680 0.943132
7685 0.944497
7690 0.94591
7695 0.947391
7700 0.948898
7705 0.950465
7710 0.952066
7715 0.953643
7720 0.955238
7725 0.956814
7730 0.958371
7735 0.959964
7740 0.961492
7745 0.962937
7750 0.96437
7755 0.965718
7760 0.967045
7765 0.968357
7770 0.969578
7775 0.970739
7780 0.971829
7785 0.972814
7790 0.973766
7795 0.974585
7800 0.975269
7805 0.975899
7810 0.976418
7815 0.976826
7820 0.977144
7825 0.977322
7830 0.977412
7835 0.977413
7840 0.977325
7845 0.977146
7850 0.976834
7855 0.976437
7860 0.975976
7865 0.975471
7870 0.974906
7875 0.974263
7880 0.973578
7885 0.972848
7890 0.97204
7895 0.971213
7900 0.970333
7905 0.969419
7910 0.968527
7915 0.967619
7920 0.966766
7925 0.965893
7930 0.965039
7935 0.964247
7940 0.963472
7945 0.962742
7950 0.962085
7955 0.961519
7960 0.961026
7965 0.960642
7970 0.960527
7975 0.960498
7980 0.960499
7985 0.960556
7990 0.960514
7995 0.960413
8000 0.960366
8005 0.960371
8010 0.960405
8015 0.960442
8020 0.960507
8025 0.960569
8030 0.960632
8035 0.960709
8040 0.960745
8045 0.960754
8050 0.960715
8055 0.960599
8060 0.960418
8065 0.960144
8070 0.959736
8075 0.959199
8080 0.958527
8085 0.957705
8090 0.956725
8095 0.955562
8100 0.954169
8105 0.952523
8110 0.950636
8115 0.948529
8120 0.946206
8125 0.943661
8130 0.940821
8135 0.937643
8140 0.934171
8145 0.930431
8150 0.92647
8155 0.922298
8160 0.917859
8165 0.913105
8170 0.908066
8175 0.902836
8180 0.897469
8185 0.892025
8190 0.886444
8195 0.880633
8200 0.874683
8205 0.868633
8210 0.862581
8215 0.856632
8220 0.850742
8225 0.844821
8230 0.83888
8235 0.833009
8240 0.82729
8245 0.821813
8250 0.816595
8255 0.811566
8260 0.806672
8265 0.801969
8270 0.797538
8275 0.793423
8280 0.789656
8285 0.786198
8290 0.782983
8295 0.780001
8300 0.777279
8305 0.774815
8310 0.772592
8315 0.770553
8320 0.768582
8325 0.766622
8330 0.764624
8335 0.762511
8340 0.760223
8345 0.757652
8350 0.7546
8355 0.750868
8360 0.746375
8365 0.741045
8370 0.734759
8375 0.727472
8380 0.718929
8385 0.708769
8390 0.69697
8395 0.683621
8400 0.668772
8405 0.652414
8410 0.634498
8415 0.614805
8420 0.593251
8425 0.57031
8430 0.546459
8435 0.521927
8440 0.496671
8445 0.470556
8450 0.44372
8455 0.416493
8460 0.389466
8465 0.363269
8470 0.337952
8475 0.313171
8480 0.288965
8485 0.265562
8490 0.243224
8495 0.222413
8500 0.203314
8505 0.185638
8510 0.169065
8515 0.153684
8520 0.139523
8525 0.126585
8530 0.115008
8535 0.104612
8540 0.0951194
8545 0.0863996
8550 0.078499
8555 0.071425
8560 0.065091
8565 0.0594484
8570 0.0543601
8575 0.0496912
8580 0.0454242
8585 0.0415654
8590 0.0381146
8595 0.0350387
8600 0.0322588
8605 0.0297079
8610 0.0273584
8615 0.0252095
8620 0.0232613
8625 0.0215124
8630 0.0199342
8635 0.0184817
8640 0.0171363
8645 0.0158964
8650 0.0147555
8655 0.0137185
8660 0.0127807
8665 0.0119132
8670 0.0111072
8675 0.0103683
8680 0.0096835
8685 0.00906102
8690 0.00850313
8695 0.00798464
8700 0.00749458
8705 0.00703847
8710 0.00661468
8715 0.00622481
8720 0.00587252
8725 0.0055504
8730 0.00524497
8735 0.00495159
8740 0.00467119
8745 0.0044093
8750 0.0041695
8755 0.00395265
8760 0.00375357
8765 0.00356869
8770 0.00334823
8775 0.00263402
8780 0.00188941
8785 0.00118554
8790 0.000515884
8795 0
