@MEASUREMENT_RADIUS 7 cm
# lambda : Angstroms 
# tr : transmission ([0,1]) 
# end
6625 0
6630 0.000441674
6635 0.00135757
6640 0.00232447
6645 0.00333155
6650 0.00364094
6655 0.00387011
6660 0.0041165
6665 0.00438231
6670 0.00466749
6675 0.00497295
6680 0.00530013
6685 0.00564856
6690 0.00602523
6695 0.00643008
6700 0.00686571
6705 0.00733651
6710 0.00784171
6715 0.00838778
6720 0.00897401
6725 0.00960367
6730 0.0102836
6735 0.0110138
6740 0.011808
6745 0.0126678
6750 0.0135916
6755 0.0145927
6760 0.015671
6765 0.0168361
6770 0.018101
6775 0.0194639
6780 0.0209431
6785 0.0225432
6790 0.0242754
6795 0.0261594
6800 0.0281933
6805 0.0303951
6810 0.0327831
6815 0.0353631
6820 0.0381772
6825 0.0412328
6830 0.0445535
6835 0.0481773
6840 0.0521152
6845 0.0564177
6850 0.0611289
6855 0.0662674
6860 0.0718641
6865 0.0779078
6870 0.08443
6875 0.0914872
6880 0.0991256
6885 0.107431
6890 0.116429
6895 0.126151
6900 0.136693
6905 0.148061
6910 0.160364
6915 0.173684
6920 0.188025
6925 0.20348
6930 0.220013
6935 0.237595
6940 0.256281
6945 0.276018
6950 0.296931
6955 0.319074
6960 0.342359
6965 0.366788
6970 0.392157
6975 0.418318
6980 0.445258
6985 0.472723
6990 0.500664
6995 0.528946
7000 0.557278
7005 0.585615
7010 0.61365
7015 0.641191
7020 0.66814
7025 0.694155
7030 0.71918
7035 0.743071
7040 0.765673
7045 0.787067
7050 0.807046
7055 0.825605
7060 0.842779
7065 0.858449
7070 0.872725
7075 0.885557
7080 0.896946
7085 0.906999
7090 0.915734
7095 0.923304
7100 0.929827
7105 0.935413
7110 0.940151
7115 0.944114
7120 0.947388
7125 0.950069
7130 0.952211
7135 0.953905
7140 0.955186
7145 0.956138
7150 0.956799
7155 0.957215
7160 0.95743
7165 0.957498
7170 0.957449
7175 0.957332
7180 0.957146
7185 0.956909
7190 0.956686
7195 0.956407
7200 0.956129
7205 0.955864
7210 0.955603
7215 0.955415
7220 0.955266
7225 0.955154
7230 0.9551
7235 0.95509
7240 0.955127
7245 0.955195
7250 0.955292
7255 0.955419
7260 0.955574
7265 0.955757
7270 0.955952
7275 0.956197
7280 0.956492
7285 0.956797
7290 0.957134
7295 0.957456
7300 0.95774
7305 0.958042
7310 0.958333
7315 0.958571
7320 0.958826
7325 0.959028
7330 0.959166
7335 0.959289
7340 0.959352
7345 0.959379
7350 0.959386
7355 0.95934
7360 0.959248
7365 0.95912
7370 0.95894
7375 0.958703
7380 0.958397
7385 0.958034
7390 0.957595
7395 0.957082
7400 0.956508
7405 0.955874
7410 0.955223
7415 0.954566
7420 0.953863
7425 0.953108
7430 0.95228
7435 0.951379
7440 0.950466
7445 0.949548
7450 0.948614
7455 0.947664
7460 0.946712
7465 0.94573
7470 0.944722
7475 0.943728
7480 0.942706
7485 0.941698
7490 0.940751
7495 0.939823
7500 0.938928
7505 0.938047
7510 0.937178
7515 0.936353
7520 0.935571
7525 0.93486
7530 0.934229
7535 0.933636
7540 0.933106
7545 0.932639
7550 0.932224
7555 0.931909
7560 0.931682
7565 0.931543
7570 0.931532
7575 0.931598
7580 0.931729
7585 0.931956
7590 0.932248
7595 0.932629
7600 0.933123
7605 0.933692
7610 0.934334
7615 0.935035
7620 0.9358
7625 0.93666
7630 0.937622
7635 0.938651
7640 0.939784
7645 0.941003
7650 0.942231
7655 0.943502
7660 0.944841
7665 0.946208
7670 0.947666
7675 0.949181
7680 0.950696
7685 0.952211
7690 0.953711
7695 0.955236
7700 0.956782
7705 0.958349
7710 0.959898
7715 0.961408
7720 0.962882
7725 0.9643
7730 0.9657
7735 0.967064
7740 0.968341
7745 0.969497
7750 0.970556
7755 0.971505
7760 0.9724
7765 0.973256
7770 0.974012
7775 0.974685
7780 0.97523
7785 0.975651
7790 0.975989
7795 0.97619
7800 0.976268
7805 0.976275
7810 0.976183
7815 0.975993
7820 0.975723
7825 0.975304
7830 0.974805
7835 0.974212
7840 0.973552
7845 0.972852
7850 0.97206
7855 0.971196
7860 0.970313
7865 0.969409
7870 0.968486
7875 0.967524
7880 0.966547
7885 0.965521
7890 0.964472
7895 0.963475
7900 0.962482
7905 0.961518
7910 0.960615
7915 0.959739
7920 0.958956
7925 0.958215
7930 0.957503
7935 0.956892
7940 0.956302
7945 0.955798
7950 0.955428
7955 0.955126
7960 0.954949
7965 0.954896
7970 0.955039
7975 0.95528
7980 0.955514
7985 0.955731
7990 0.955826
7995 0.955831
8000 0.955861
8005 0.955909
8010 0.955947
8015 0.955953
8020 0.955923
8025 0.955851
8030 0.955728
8035 0.955546
8040 0.95527
8045 0.954891
8050 0.954383
8055 0.953744
8060 0.952965
8065 0.951996
8070 0.950816
8075 0.949425
8080 0.947802
8085 0.945978
8090 0.943953
8095 0.941675
8100 0.939111
8105 0.936243
8110 0.933087
8115 0.929685
8120 0.926066
8125 0.922219
8130 0.91806
8135 0.913562
8140 0.908777
8145 0.903771
8150 0.898626
8155 0.893353
8160 0.887883
8165 0.882167
8170 0.876246
8175 0.870217
8180 0.864181
8185 0.858214
8190 0.852247
8195 0.846199
8200 0.840148
8205 0.834146
8210 0.828289
8215 0.822663
8220 0.817254
8225 0.811972
8230 0.806801
8235 0.801833
8240 0.79712
8245 0.792729
8250 0.788678
8255 0.784902
8260 0.781355
8265 0.77805
8270 0.775017
8275 0.772264
8280 0.769782
8285 0.767517
8290 0.765367
8295 0.763277
8300 0.761219
8305 0.759132
8310 0.756935
8315 0.754514
8320 0.751682
8325 0.748327
8330 0.744366
8335 0.739686
8340 0.734225
8345 0.72785
8350 0.720253
8355 0.711203
8360 0.700724
8365 0.688789
8370 0.675427
8375 0.660748
8380 0.644498
8385 0.62633
8390 0.606379
8395 0.584984
8400 0.562407
8405 0.538926
8410 0.514608
8415 0.489273
8420 0.462965
8425 0.436257
8430 0.409762
8435 0.383794
8440 0.358364
8445 0.33332
8450 0.308696
8455 0.284704
8460 0.261805
8465 0.240452
8470 0.220584
8475 0.201868
8480 0.184192
8485 0.167603
8490 0.152189
8495 0.138159
8500 0.125577
8505 0.114186
8510 0.103706
8515 0.0941171
8520 0.085398
8525 0.0775124
8530 0.0705166
8535 0.064277
8540 0.0586058
8545 0.0534173
8550 0.0487169
8555 0.0445029
8560 0.0407319
8565 0.037376
8570 0.0343466
8575 0.0315586
8580 0.0290005
8585 0.0266737
8590 0.0245826
8595 0.0227122
8600 0.0210203
8605 0.0194655
8610 0.0180246
8615 0.0166976
8620 0.01549
8625 0.0144041
8630 0.0134193
8635 0.0125084
8640 0.0116606
8645 0.010874
8650 0.0101421
8655 0.00947714
8660 0.00887815
8665 0.0083216
8670 0.00779891
8675 0.00731762
8680 0.00686885
8685 0.00645599
8690 0.00608736
8695 0.00574538
8700 0.00541694
8705 0.00510842
8710 0.00481813
8715 0.00454696
8720 0.00430467
8725 0.00408377
8730 0.00387828
8735 0.00368178
8740 0.00341966
8745 0.00271808
8750 0.00194671
8755 0.00121878
8760 0.00053289
8765 4.19436e-07
