@MEASUREMENT_RADIUS 9.3 cm
# lambda : Angstroms 
# tr : transmission ([0,1]) 
# end
6610 0
6615 0.000439794
6620 0.00135708
6625 0.00233373
6630 0.00334174
6635 0.00367002
6640 0.00390945
6645 0.00416376
6650 0.00443368
6655 0.00472258
6660 0.00503444
6665 0.00536947
6670 0.00572692
6675 0.00610818
6680 0.006516
6685 0.00695649
6690 0.0074345
6695 0.00795106
6700 0.00850953
6705 0.00911058
6710 0.00975574
6715 0.0104516
6720 0.011199
6725 0.012005
6730 0.0128793
6735 0.013823
6740 0.0148514
6745 0.0159671
6750 0.0171696
6755 0.0184737
6760 0.0198764
6765 0.0213962
6770 0.0230474
6775 0.0248336
6780 0.0267774
6785 0.0288818
6790 0.0311647
6795 0.0336455
6800 0.0363284
6805 0.0392416
6810 0.0424057
6815 0.0458342
6820 0.0495742
6825 0.053636
6830 0.0580555
6835 0.0628758
6840 0.0681203
6845 0.0738553
6850 0.0801335
6855 0.0869845
6860 0.094433
6865 0.10247
6870 0.111136
6875 0.120495
6880 0.130602
6885 0.141552
6890 0.153371
6895 0.166089
6900 0.179801
6905 0.194513
6910 0.210338
6915 0.22735
6920 0.245537
6925 0.264945
6930 0.285516
6935 0.307162
6940 0.329887
6945 0.353593
6950 0.378341
6955 0.404155
6960 0.430868
6965 0.458397
6970 0.486445
6975 0.514787
6980 0.543366
6985 0.571889
6990 0.60024
6995 0.628262
7000 0.655655
7005 0.682372
7010 0.70814
7015 0.732814
7020 0.756316
7025 0.778425
7030 0.799147
7035 0.818401
7040 0.836157
7045 0.852513
7050 0.867383
7055 0.880826
7060 0.892916
7065 0.903635
7070 0.913113
7075 0.921388
7080 0.92851
7085 0.934593
7090 0.939704
7095 0.943958
7100 0.94747
7105 0.950312
7110 0.952593
7115 0.954377
7120 0.95572
7125 0.956715
7130 0.957382
7135 0.95777
7140 0.957944
7145 0.957938
7150 0.957784
7155 0.957505
7160 0.957129
7165 0.956689
7170 0.956228
7175 0.955773
7180 0.955328
7185 0.954914
7190 0.954522
7195 0.954144
7200 0.953806
7205 0.953504
7210 0.953253
7215 0.953046
7220 0.952871
7225 0.952748
7230 0.952689
7235 0.952701
7240 0.952753
7245 0.952834
7250 0.952925
7255 0.953042
7260 0.953217
7265 0.953435
7270 0.953672
7275 0.953933
7280 0.954225
7285 0.954515
7290 0.954831
7295 0.955175
7300 0.95548
7305 0.955767
7310 0.956031
7315 0.956218
7320 0.956403
7325 0.956573
7330 0.956695
7335 0.956833
7340 0.956915
7345 0.956926
7350 0.956912
7355 0.956815
7360 0.95667
7365 0.956534
7370 0.956351
7375 0.956091
7380 0.955759
7385 0.955356
7390 0.954882
7395 0.954391
7400 0.953867
7405 0.953279
7410 0.952657
7415 0.951994
7420 0.951294
7425 0.950545
7430 0.949736
7435 0.948908
7440 0.948057
7445 0.947191
7450 0.94632
7455 0.945396
7460 0.944473
7465 0.943561
7470 0.942636
7475 0.941728
7480 0.940809
7485 0.939899
7490 0.939022
7495 0.938188
7500 0.937396
7505 0.936629
7510 0.935899
7515 0.935197
7520 0.934517
7525 0.933918
7530 0.933381
7535 0.932901
7540 0.932531
7545 0.932209
7550 0.931939
7555 0.931784
7560 0.931694
7565 0.931665
7570 0.931742
7575 0.931881
7580 0.93208
7585 0.932384
7590 0.932792
7595 0.933304
7600 0.933888
7605 0.934521
7610 0.93524
7615 0.936026
7620 0.936871
7625 0.937818
7630 0.938824
7635 0.939887
7640 0.941054
7645 0.942296
7650 0.943579
7655 0.944913
7660 0.946276
7665 0.947662
7670 0.949087
7675 0.950496
7680 0.951902
7685 0.953343
7690 0.954786
7695 0.956261
7700 0.957738
7705 0.959157
7710 0.960517
7715 0.961811
7720 0.963067
7725 0.964286
7730 0.96548
7735 0.966649
7740 0.967717
7745 0.968652
7750 0.969482
7755 0.970213
7760 0.970862
7765 0.97145
7770 0.971942
7775 0.972321
7780 0.972566
7785 0.972672
7790 0.972682
7795 0.972571
7800 0.972353
7805 0.97208
7810 0.971711
7815 0.97124
7820 0.970668
7825 0.969978
7830 0.969204
7835 0.968337
7840 0.967424
7845 0.966464
7850 0.965423
7855 0.964367
7860 0.963273
7865 0.96215
7870 0.96103
7875 0.959867
7880 0.958686
7885 0.95751
7890 0.956332
7895 0.955198
7900 0.954085
7905 0.95303
7910 0.952086
7915 0.951177
7920 0.950336
7925 0.949549
7930 0.948761
7935 0.94808
7940 0.947499
7945 0.946992
7950 0.946606
7955 0.94632
7960 0.946119
7965 0.946055
7970 0.946214
7975 0.946447
7980 0.946668
7985 0.946879
7990 0.946934
7995 0.946892
8000 0.946881
8005 0.946876
8010 0.946861
8015 0.946802
8020 0.946699
8025 0.946548
8030 0.946328
8035 0.946037
8040 0.945636
8045 0.94511
8050 0.94446
8055 0.94366
8060 0.942703
8065 0.941561
8070 0.940189
8075 0.938595
8080 0.936783
8085 0.934753
8090 0.932516
8095 0.930022
8100 0.927225
8105 0.924126
8110 0.920734
8115 0.917115
8120 0.91329
8125 0.90923
8130 0.904886
8135 0.900214
8140 0.895268
8145 0.890124
8150 0.884847
8155 0.879447
8160 0.873862
8165 0.868059
8170 0.862079
8175 0.856032
8180 0.850016
8185 0.844076
8190 0.838164
8195 0.83221
8200 0.826274
8205 0.820427
8210 0.814753
8215 0.809337
8220 0.804156
8225 0.799108
8230 0.794183
8235 0.789467
8240 0.785012
8245 0.780867
8250 0.777058
8255 0.773515
8260 0.770174
8265 0.767058
8270 0.764195
8275 0.76157
8280 0.759177
8285 0.756938
8290 0.754748
8295 0.752561
8300 0.750324
8305 0.747962
8310 0.745395
8315 0.742479
8320 0.739014
8325 0.734897
8330 0.730053
8335 0.724382
8340 0.717848
8345 0.71031
8350 0.701436
8355 0.691017
8360 0.679057
8365 0.665569
8370 0.650666
8375 0.634476
8380 0.61677
8385 0.597276
8390 0.576176
8395 0.553841
8400 0.530546
8405 0.506598
8410 0.482081
8415 0.456757
8420 0.430682
8425 0.404417
8430 0.378511
8435 0.353286
8440 0.32878
8445 0.304886
8450 0.281604
8455 0.259112
8460 0.237808
8465 0.21804
8470 0.199731
8475 0.182583
8480 0.166457
8485 0.151387
8490 0.13744
8495 0.124781
8500 0.11346
8505 0.103214
8510 0.0938074
8515 0.0852003
8520 0.0773613
8525 0.0702789
8530 0.0639903
8535 0.0583842
8540 0.0532914
8545 0.0486295
8550 0.0444118
8555 0.0406328
8560 0.0372463
8565 0.0342312
8570 0.0315095
8575 0.0290067
8580 0.0267032
8585 0.0246069
8590 0.0227224
8595 0.0210233
8600 0.0194751
8605 0.0180508
8610 0.0167328
8615 0.0155175
8620 0.0144121
8625 0.0134192
8630 0.0125159
8635 0.0116788
8640 0.0109024
8645 0.0101811
8650 0.00951096
8655 0.0088999
8660 0.00834332
8665 0.0078248
8670 0.00734199
8675 0.00689681
8680 0.00648645
8685 0.00611184
8690 0.00577279
8695 0.00545588
8700 0.00514894
8705 0.00485798
8710 0.00458569
8715 0.00433054
8720 0.00409948
8725 0.00389597
8730 0.00370475
8735 0.0034122
8740 0.00274353
8745 0.00196873
8750 0.00122911
8755 0.000533009
8760 5.8685e-06
