@MEASUREMENT_RADIUS 11.7 cm
# lambda : Angstroms 
# tr : transmission ([0,1]) 
# end
6605 5.33913e-06
6610 0.000434526
6615 0.0013309
6620 0.0022819
6625 0.00325673
6630 0.00359084
6635 0.00382563
6640 0.00407834
6645 0.00434866
6650 0.00463583
6655 0.00494229
6660 0.00527125
6665 0.00562437
6670 0.00600259
6675 0.00640814
6680 0.00684283
6685 0.00731079
6690 0.00781915
6695 0.00836692
6700 0.0089587
6705 0.00959778
6710 0.0102834
6715 0.0110245
6720 0.0118218
6725 0.0126812
6730 0.013612
6735 0.0146191
6740 0.0157193
6745 0.0169125
6750 0.0182003
6755 0.0195967
6760 0.0211024
6765 0.0227347
6770 0.0245062
6775 0.0264235
6780 0.0285089
6785 0.0307716
6790 0.0332278
6795 0.0358988
6800 0.0387903
6805 0.0419319
6810 0.0453473
6815 0.0490531
6820 0.0530985
6825 0.057496
6830 0.0622852
6835 0.0675088
6840 0.0731885
6845 0.0794009
6850 0.0861994
6855 0.0936186
6860 0.101688
6865 0.110399
6870 0.119788
6875 0.129926
6880 0.140876
6885 0.152721
6890 0.165489
6895 0.17921
6900 0.193974
6905 0.209792
6910 0.226774
6915 0.244981
6920 0.264394
6925 0.285054
6930 0.306871
6935 0.329772
6940 0.353733
6945 0.378624
6950 0.404497
6955 0.431333
6960 0.458955
6965 0.487277
6970 0.515972
6975 0.544788
6980 0.573642
6985 0.602219
6990 0.63041
6995 0.658084
7000 0.684957
7005 0.710964
7010 0.735841
7015 0.759458
7020 0.781796
7025 0.802685
7030 0.822135
7035 0.840061
7040 0.85643
7045 0.871379
7050 0.884858
7055 0.896947
7060 0.907715
7065 0.917161
7070 0.925444
7075 0.932588
7080 0.938649
7085 0.943745
7090 0.947934
7095 0.95135
7100 0.954107
7105 0.956275
7110 0.957925
7115 0.959117
7120 0.959909
7125 0.960381
7130 0.960582
7135 0.960563
7140 0.960364
7145 0.960018
7150 0.959562
7155 0.958996
7160 0.958348
7165 0.957672
7170 0.956965
7175 0.956279
7180 0.955612
7185 0.954973
7190 0.954395
7195 0.953843
7200 0.953351
7205 0.952896
7210 0.95247
7215 0.952112
7220 0.951803
7225 0.951568
7230 0.951422
7235 0.951344
7240 0.951322
7245 0.951327
7250 0.951362
7255 0.951438
7260 0.951559
7265 0.951727
7270 0.951913
7275 0.952131
7280 0.952402
7285 0.952704
7290 0.953058
7295 0.953417
7300 0.953732
7305 0.954056
7310 0.954378
7315 0.954687
7320 0.955016
7325 0.955297
7330 0.955516
7335 0.955707
7340 0.955873
7345 0.95603
7350 0.956192
7355 0.956303
7360 0.956334
7365 0.956323
7370 0.956255
7375 0.956133
7380 0.955986
7385 0.955781
7390 0.95552
7395 0.955233
7400 0.954868
7405 0.954434
7410 0.953968
7415 0.953464
7420 0.952922
7425 0.952345
7430 0.951706
7435 0.951021
7440 0.950313
7445 0.949578
7450 0.948825
7455 0.948025
7460 0.947209
7465 0.946371
7470 0.945508
7475 0.944676
7480 0.943826
7485 0.942977
7490 0.942155
7495 0.941318
7500 0.940499
7505 0.939694
7510 0.938903
7515 0.938162
7520 0.937465
7525 0.936864
7530 0.936335
7535 0.935839
7540 0.935418
7545 0.935018
7550 0.93464
7555 0.93436
7560 0.934124
7565 0.933959
7570 0.933913
7575 0.93394
7580 0.934066
7585 0.934287
7590 0.934576
7595 0.934939
7600 0.935375
7605 0.93588
7610 0.93647
7615 0.937133
7620 0.937875
7625 0.938699
7630 0.939597
7635 0.94056
7640 0.941576
7645 0.942671
7650 0.943809
7655 0.944982
7660 0.946231
7665 0.947516
7670 0.948834
7675 0.950185
7680 0.951543
7685 0.952912
7690 0.954293
7695 0.955694
7700 0.957082
7705 0.958464
7710 0.959825
7715 0.961125
7720 0.962409
7725 0.963633
7730 0.964798
7735 0.965933
7740 0.966953
7745 0.967859
7750 0.968701
7755 0.969419
7760 0.970059
7765 0.970642
7770 0.971087
7775 0.971436
7780 0.971683
7785 0.971809
7790 0.971836
7795 0.971715
7800 0.971464
7805 0.971141
7810 0.970711
7815 0.970165
7820 0.969495
7825 0.968693
7830 0.967806
7835 0.966838
7840 0.965815
7845 0.964731
7850 0.963528
7855 0.962251
7860 0.960949
7865 0.959626
7870 0.958285
7875 0.956924
7880 0.955561
7885 0.954159
7890 0.952735
7895 0.951372
7900 0.950004
7905 0.948637
7910 0.94736
7915 0.946137
7920 0.944983
7925 0.943897
7930 0.942842
7935 0.941845
7940 0.940913
7945 0.940084
7950 0.939393
7955 0.938846
7960 0.938419
7965 0.938133
7970 0.938121
7975 0.938256
7980 0.938398
7985 0.938576
7990 0.938614
7995 0.938544
8000 0.938517
8005 0.938521
8010 0.938543
8015 0.938564
8020 0.938574
8025 0.938564
8030 0.938525
8035 0.938446
8040 0.938299
8045 0.938079
8050 0.937766
8055 0.937332
8060 0.936783
8065 0.936085
8070 0.9352
8075 0.934127
8080 0.932861
8085 0.931395
8090 0.929726
8095 0.927821
8100 0.925637
8105 0.923158
8110 0.920407
8115 0.917407
8120 0.914179
8125 0.910709
8130 0.906926
8135 0.902792
8140 0.898357
8145 0.893683
8150 0.88883
8155 0.883815
8160 0.878576
8165 0.873059
8170 0.867305
8175 0.861415
8180 0.855473
8185 0.849554
8190 0.84361
8195 0.837553
8200 0.831443
8205 0.825346
8210 0.819336
8215 0.813527
8220 0.807888
8225 0.80234
8230 0.796879
8235 0.791578
8240 0.786511
8245 0.781741
8250 0.777292
8255 0.773105
8260 0.769131
8265 0.765394
8270 0.761933
8275 0.758771
8280 0.755909
8285 0.753288
8290 0.750829
8295 0.748494
8300 0.746257
8305 0.744085
8310 0.741928
8315 0.73968
8320 0.737203
8325 0.73438
8330 0.73113
8335 0.727357
8340 0.722972
8345 0.717826
8350 0.711671
8355 0.704307
8360 0.69567
8365 0.685738
8370 0.674521
8375 0.662002
8380 0.647957
8385 0.632151
8390 0.614626
8395 0.595637
8400 0.575392
8405 0.554053
8410 0.531654
8415 0.508046
8420 0.48328
8425 0.457859
8430 0.432335
8435 0.406989
8440 0.381843
8445 0.3568
8450 0.33192
8455 0.307447
8460 0.283837
8465 0.261583
8470 0.240691
8475 0.220878
8480 0.202043
8485 0.184261
8490 0.167644
8495 0.152417
8500 0.138683
8505 0.126199
8510 0.114705
8515 0.104144
8520 0.0945078
8525 0.0857639
8530 0.0779872
8535 0.0710531
8540 0.0647478
8545 0.0589847
8550 0.0537611
8555 0.0490728
8560 0.0448797
8565 0.0411505
8570 0.0377886
8575 0.0346949
8580 0.0318479
8585 0.0292577
8590 0.0269282
8595 0.0248485
8600 0.0229739
8605 0.021255
8610 0.0196654
8615 0.0182019
8620 0.0168683
8625 0.0156681
8630 0.0145789
8635 0.0135748
8640 0.0126458
8645 0.0117836
8650 0.0109881
8655 0.0102609
8660 0.00959589
8665 0.00898084
8670 0.00840748
8675 0.00787597
8680 0.00738706
8685 0.0069436
8690 0.0065414
8695 0.00616822
8700 0.00581329
8705 0.00547732
8710 0.00516618
8715 0.00487646
8720 0.00461369
8725 0.00437688
8730 0.00415128
8735 0.00393285
8740 0.00372692
8745 0.00339316
8750 0.00274615
8755 0.00196725
8760 0.00123289
8765 0.000536559
8770 1.65181e-05
