@MEASUREMENT_RADIUS 14 cm
# lambda : Angstroms 
# tr : transmission ([0,1]) 
# end
6590 2.43653e-05
6595 0.000473051
6600 0.00139976
6605 0.00241223
6610 0.00343036
6615 0.00380219
6620 0.00405265
6625 0.00432278
6630 0.00461461
6635 0.00492915
6640 0.00526823
6645 0.00563162
6650 0.00601853
6655 0.00643134
6660 0.00687576
6665 0.00735526
6670 0.00787246
6675 0.00842999
6680 0.00902637
6685 0.0096691
6690 0.0103664
6695 0.0111225
6700 0.0119457
6705 0.0128386
6710 0.013802
6715 0.0148414
6720 0.0159628
6725 0.0171765
6730 0.0184948
6735 0.0199267
6740 0.0214884
6745 0.0231874
6750 0.0250305
6755 0.0270331
6760 0.0292007
6765 0.031555
6770 0.034119
6775 0.036903
6780 0.0399384
6785 0.0432421
6790 0.0468306
6795 0.0507381
6800 0.0549778
6805 0.0595919
6810 0.0646167
6815 0.0700854
6820 0.0760607
6825 0.0825617
6830 0.0896432
6835 0.0973566
6840 0.105742
6845 0.114908
6850 0.12491
6855 0.13579
6860 0.147576
6865 0.160235
6870 0.173816
6875 0.188384
6880 0.204004
6885 0.220792
6890 0.238735
6895 0.257836
6900 0.278145
6905 0.299603
6910 0.322295
6915 0.34623
6920 0.3713
6925 0.397492
6930 0.424579
6935 0.452358
6940 0.480709
6945 0.509398
6950 0.538407
6955 0.567644
6960 0.596845
6965 0.625851
6970 0.654299
6975 0.681947
6980 0.708683
6985 0.734249
6990 0.758597
6995 0.781624
7000 0.803172
7005 0.823294
7010 0.841849
7015 0.858835
7020 0.874308
7025 0.888209
7030 0.900661
7035 0.911683
7040 0.921347
7045 0.92981
7050 0.937101
7055 0.943346
7060 0.948647
7065 0.953052
7070 0.95668
7075 0.959562
7080 0.961771
7085 0.963385
7090 0.964483
7095 0.965183
7100 0.965533
7105 0.965595
7110 0.965394
7115 0.964971
7120 0.964385
7125 0.963649
7130 0.962811
7135 0.961891
7140 0.96093
7145 0.959973
7150 0.959021
7155 0.958068
7160 0.957106
7165 0.956149
7170 0.955228
7175 0.954373
7180 0.953583
7185 0.952875
7190 0.952231
7195 0.951625
7200 0.951095
7205 0.950615
7210 0.950223
7215 0.949915
7220 0.949652
7225 0.949459
7230 0.949324
7235 0.949258
7240 0.949252
7245 0.949284
7250 0.949354
7255 0.949485
7260 0.949667
7265 0.949897
7270 0.950177
7275 0.950473
7280 0.950804
7285 0.95116
7290 0.951554
7295 0.951968
7300 0.952353
7305 0.952736
7310 0.953103
7315 0.953437
7320 0.953782
7325 0.954099
7330 0.954382
7335 0.954663
7340 0.954919
7345 0.955149
7350 0.95535
7355 0.955489
7360 0.955588
7365 0.955679
7370 0.955718
7375 0.955685
7380 0.9556
7385 0.955466
7390 0.955283
7395 0.955055
7400 0.954749
7405 0.954364
7410 0.953952
7415 0.953528
7420 0.953078
7425 0.952588
7430 0.95202
7435 0.951384
7440 0.950739
7445 0.950083
7450 0.949404
7455 0.948697
7460 0.947976
7465 0.947236
7470 0.946487
7475 0.945747
7480 0.944999
7485 0.944263
7490 0.943557
7495 0.942857
7500 0.942161
7505 0.941489
7510 0.940849
7515 0.940266
7520 0.939744
7525 0.939291
7530 0.938884
7535 0.938505
7540 0.938173
7545 0.937885
7550 0.937669
7555 0.937549
7560 0.937491
7565 0.937499
7570 0.937599
7575 0.93778
7580 0.938037
7585 0.938381
7590 0.938792
7595 0.93928
7600 0.93986
7605 0.940504
7610 0.941212
7615 0.942003
7620 0.942866
7625 0.94379
7630 0.944779
7635 0.945808
7640 0.946907
7645 0.948082
7650 0.949271
7655 0.950488
7660 0.951749
7665 0.953029
7670 0.954338
7675 0.955653
7680 0.956952
7685 0.958237
7690 0.959507
7695 0.960775
7700 0.962012
7705 0.963213
7710 0.964375
7715 0.965463
7720 0.966487
7725 0.967435
7730 0.968319
7735 0.969141
7740 0.969829
7745 0.970385
7750 0.97082
7755 0.971128
7760 0.971359
7765 0.971514
7770 0.971507
7775 0.971375
7780 0.971104
7785 0.970694
7790 0.970204
7795 0.969556
7800 0.968784
7805 0.96792
7810 0.966934
7815 0.965854
7820 0.964667
7825 0.963361
7830 0.961973
7835 0.960494
7840 0.958935
7845 0.957349
7850 0.955689
7855 0.953981
7860 0.952261
7865 0.950524
7870 0.948802
7875 0.947078
7880 0.945367
7885 0.943659
7890 0.941931
7895 0.940261
7900 0.938649
7905 0.937096
7910 0.935667
7915 0.934313
7920 0.933026
7925 0.931821
7930 0.930671
7935 0.929625
7940 0.928685
7945 0.927853
7950 0.927178
7955 0.926648
7960 0.926236
7965 0.926027
7970 0.926062
7975 0.926261
7980 0.926488
7985 0.926758
7990 0.926887
7995 0.926889
8000 0.92693
8005 0.927005
8010 0.927093
8015 0.927177
8020 0.927245
8025 0.927291
8030 0.927301
8035 0.92726
8040 0.927142
8045 0.926931
8050 0.926615
8055 0.926174
8060 0.925597
8065 0.92484
8070 0.923884
8075 0.922708
8080 0.921308
8085 0.919693
8090 0.917869
8095 0.915789
8100 0.913411
8105 0.910725
8110 0.907738
8115 0.904489
8120 0.901011
8125 0.89728
8130 0.893233
8135 0.888834
8140 0.884116
8145 0.879112
8150 0.873878
8155 0.868456
8160 0.862815
8165 0.856926
8170 0.850882
8175 0.84477
8180 0.838638
8185 0.832534
8190 0.826424
8195 0.820247
8200 0.814043
8205 0.807888
8210 0.801866
8215 0.796068
8220 0.790459
8225 0.784979
8230 0.779612
8235 0.774433
8240 0.769512
8245 0.764907
8250 0.760642
8255 0.756657
8260 0.752905
8265 0.749395
8270 0.746158
8275 0.743216
8280 0.740558
8285 0.738127
8290 0.735846
8295 0.733654
8300 0.731512
8305 0.729372
8310 0.727163
8315 0.724762
8320 0.722028
8325 0.718837
8330 0.715102
8335 0.71073
8340 0.705647
8345 0.699702
8350 0.69264
8355 0.684272
8360 0.674535
8365 0.663421
8370 0.650971
8375 0.637208
8380 0.621923
8385 0.604887
8390 0.586163
8395 0.56604
8400 0.544759
8405 0.522558
8410 0.499507
8415 0.475462
8420 0.45047
8425 0.425018
8430 0.399685
8435 0.374752
8440 0.350264
8445 0.326128
8450 0.302361
8455 0.279171
8460 0.256978
8465 0.236209
8470 0.216831
8475 0.198557
8480 0.181264
8485 0.165007
8490 0.149882
8495 0.136096
8500 0.123713
8505 0.112485
8510 0.102194
8515 0.0927699
8520 0.0841878
8525 0.0764236
8530 0.0695196
8535 0.0633576
8540 0.0577524
8545 0.052637
8550 0.0480048
8555 0.0438502
8560 0.0401336
8565 0.0368213
8570 0.0338351
8575 0.03109
8580 0.0285723
8585 0.0262863
8590 0.0242289
8595 0.0223858
8600 0.0207178
8605 0.0191848
8610 0.0177676
8615 0.0164651
8620 0.0152805
8625 0.0142122
8630 0.013237
8635 0.012336
8640 0.0115007
8645 0.0107255
8650 0.0100125
8655 0.00936266
8660 0.00876805
8665 0.00821889
8670 0.00770435
8675 0.00722588
8680 0.00678198
8685 0.00637545
8690 0.00600852
8695 0.00566929
8700 0.0053483
8705 0.00504684
8710 0.00476507
8715 0.00449841
8720 0.00425624
8725 0.00403903
8730 0.00383376
8735 0.00363975
8740 0.00328917
8745 0.00269169
8750 0.00192498
8755 0.00120357
8760 0.000525206
8765 2.81514e-05
