@MEASUREMENT_RADIUS 16.3 cm
# lambda : Angstroms 
# tr : transmission ([0,1]) 
# end
6565 4.24027e-05
6570 0.000468527
6575 0.001349
6580 0.00233641
6585 0.00331666
6590 0.00369608
6595 0.00394446
6600 0.00420943
6605 0.00449339
6610 0.00479824
6615 0.00512652
6620 0.00548077
6625 0.00586345
6630 0.0062767
6635 0.00672472
6640 0.00721033
6645 0.00773359
6650 0.00829479
6655 0.00889595
6660 0.00954388
6665 0.0102427
6670 0.0109988
6675 0.0118163
6680 0.012699
6685 0.0136558
6690 0.0146968
6695 0.0158294
6700 0.0170648
6705 0.0184089
6710 0.0198654
6715 0.0214459
6720 0.0231582
6725 0.0250189
6730 0.0270453
6735 0.0292548
6740 0.0316751
6745 0.0343166
6750 0.0371936
6755 0.0403281
6760 0.0437333
6765 0.0474473
6770 0.051499
6775 0.0559143
6780 0.0607406
6785 0.0660012
6790 0.0717355
6795 0.0779828
6800 0.0847626
6805 0.0921442
6810 0.100175
6815 0.108912
6820 0.118442
6825 0.12879
6830 0.140026
6835 0.152225
6840 0.165432
6845 0.179779
6850 0.195316
6855 0.212078
6860 0.230066
6865 0.249192
6870 0.269453
6875 0.290882
6880 0.313508
6885 0.337371
6890 0.362361
6895 0.388401
6900 0.415422
6905 0.443269
6910 0.471902
6915 0.501192
6920 0.530911
6925 0.560905
6930 0.590826
6935 0.620379
6940 0.649363
6945 0.677552
6950 0.704891
6955 0.731285
6960 0.756543
6965 0.780526
6970 0.802991
6975 0.823839
6980 0.84309
6985 0.860684
6990 0.876676
6995 0.891105
7000 0.904004
7005 0.915486
7010 0.925578
7015 0.934364
7020 0.941957
7025 0.948391
7030 0.953828
7035 0.958335
7040 0.961988
7045 0.964928
7050 0.967194
7055 0.968869
7060 0.970048
7065 0.970769
7070 0.971104
7075 0.971106
7080 0.97081
7085 0.970263
7090 0.969504
7095 0.9686
7100 0.967599
7105 0.96652
7110 0.965342
7115 0.964087
7120 0.962804
7125 0.961507
7130 0.960234
7135 0.958978
7140 0.957724
7145 0.956501
7150 0.955319
7155 0.954182
7160 0.95309
7165 0.952066
7170 0.951139
7175 0.950292
7180 0.94951
7185 0.948813
7190 0.948175
7195 0.947578
7200 0.947062
7205 0.946612
7210 0.946238
7215 0.945967
7220 0.945762
7225 0.945616
7230 0.945528
7235 0.945496
7240 0.945523
7245 0.945576
7250 0.945669
7255 0.945821
7260 0.946021
7265 0.946283
7270 0.94658
7275 0.946892
7280 0.947241
7285 0.947626
7290 0.948036
7295 0.948453
7300 0.948848
7305 0.949244
7310 0.949655
7315 0.950057
7320 0.950464
7325 0.950837
7330 0.951164
7335 0.951466
7340 0.951726
7345 0.951957
7350 0.952174
7355 0.95236
7360 0.952504
7365 0.952628
7370 0.952707
7375 0.952714
7380 0.952666
7385 0.952579
7390 0.952449
7395 0.952283
7400 0.952084
7405 0.951816
7410 0.951498
7415 0.951167
7420 0.950796
7425 0.950387
7430 0.949926
7435 0.949417
7440 0.948911
7445 0.948397
7450 0.947871
7455 0.947327
7460 0.946768
7465 0.946187
7470 0.94559
7475 0.944997
7480 0.94439
7485 0.943814
7490 0.943288
7495 0.942815
7500 0.942376
7505 0.941946
7510 0.941525
7515 0.941119
7520 0.940753
7525 0.940458
7530 0.94024
7535 0.940084
7540 0.939977
7545 0.939936
7550 0.939972
7555 0.940084
7560 0.940266
7565 0.940493
7570 0.940784
7575 0.941157
7580 0.941613
7585 0.942145
7590 0.942765
7595 0.943456
7600 0.9442
7605 0.945011
7610 0.945875
7615 0.946795
7620 0.947775
7625 0.948802
7630 0.949854
7635 0.950935
7640 0.952073
7645 0.95325
7650 0.954434
7655 0.955615
7660 0.956786
7665 0.957935
7670 0.95908
7675 0.960224
7680 0.961347
7685 0.962461
7690 0.96353
7695 0.964541
7700 0.965484
7705 0.966346
7710 0.967164
7715 0.967867
7720 0.96847
7725 0.968955
7730 0.969323
7735 0.969596
7740 0.969745
7745 0.969758
7750 0.969641
7755 0.969378
7760 0.969006
7765 0.968551
7770 0.967934
7775 0.967185
7780 0.966293
7785 0.965247
7790 0.964108
7795 0.962823
7800 0.961399
7805 0.959897
7810 0.958287
7815 0.956587
7820 0.954808
7825 0.952923
7830 0.950958
7835 0.948947
7840 0.946887
7845 0.94482
7850 0.942748
7855 0.940653
7860 0.938565
7865 0.936513
7870 0.934504
7875 0.932523
7880 0.930582
7885 0.928665
7890 0.926787
7895 0.924987
7900 0.923267
7905 0.921632
7910 0.920112
7915 0.918688
7920 0.917377
7925 0.916195
7930 0.915132
7935 0.914212
7940 0.91344
7945 0.912789
7950 0.912279
7955 0.911909
7960 0.911679
7965 0.911663
7970 0.911872
7975 0.912227
7980 0.912596
7985 0.912943
7990 0.913152
7995 0.913258
8000 0.913391
8005 0.913544
8010 0.913693
8015 0.913819
8020 0.913906
8025 0.913952
8030 0.913932
8035 0.913832
8040 0.913626
8045 0.913296
8050 0.912825
8055 0.912189
8060 0.911378
8065 0.910353
8070 0.909088
8075 0.907579
8080 0.90583
8085 0.903841
8090 0.901615
8095 0.899117
8100 0.896296
8105 0.893139
8110 0.889671
8115 0.885933
8120 0.881957
8125 0.877726
8130 0.873188
8135 0.868311
8140 0.863141
8145 0.857757
8150 0.852238
8155 0.846621
8160 0.840841
8165 0.834849
8170 0.828683
8175 0.822449
8180 0.816246
8185 0.810137
8190 0.804076
8195 0.798001
8200 0.79195
8205 0.785995
8210 0.78021
8215 0.774697
8220 0.769428
8225 0.76434
8230 0.759418
8235 0.754725
8240 0.75032
8245 0.746241
8250 0.742502
8255 0.73905
8260 0.735834
8265 0.73285
8270 0.730107
8275 0.727609
8280 0.725324
8285 0.723171
8290 0.721055
8295 0.718905
8300 0.716662
8305 0.714256
8310 0.711601
8315 0.708553
8320 0.704944
8325 0.700639
8330 0.695541
8335 0.689574
8340 0.682665
8345 0.674671
8350 0.665309
8355 0.654417
8360 0.641977
8365 0.62805
8370 0.612763
8375 0.596231
8380 0.578278
8385 0.558724
8390 0.537695
8395 0.515503
8400 0.492444
8405 0.468827
8410 0.444762
8415 0.42013
8420 0.39503
8425 0.369962
8430 0.345417
8435 0.321651
8440 0.298702
8445 0.276446
8450 0.254813
8455 0.233973
8460 0.214273
8465 0.196023
8470 0.179207
8475 0.163589
8480 0.148995
8485 0.13539
8490 0.122829
8495 0.111439
8500 0.101259
8505 0.0920881
8510 0.0837226
8515 0.0760718
8520 0.069111
8525 0.062814
8530 0.0572075
8535 0.0522143
8540 0.0476858
8545 0.0435555
8550 0.0398068
8555 0.0364345
8560 0.0334159
8565 0.0307257
8570 0.0283015
8575 0.0260749
8580 0.0240289
8585 0.0221631
8590 0.0204779
8595 0.0189634
8600 0.0175842
8605 0.0163139
8610 0.015135
8615 0.0140472
8620 0.013054
8625 0.012158
8630 0.011344
8635 0.0105928
8640 0.0099001
8645 0.00925699
8650 0.00866044
8655 0.00811314
8660 0.00761123
8665 0.00714519
8670 0.00670921
8675 0.00630438
8680 0.00593168
8685 0.00559063
8690 0.00528032
8695 0.00499233
8700 0.00471759
8705 0.00445995
8710 0.00421688
8715 0.00398756
8720 0.00378127
8725 0.00359382
8730 0.00322431
8735 0.00266934
8740 0.00191903
8745 0.00120284
8750 0.000525017
8755 3.93806e-05
