@MEASUREMENT_RADIUS 2.3 cm
# lambda : Angstroms 
# tr : transmission ([0,1]) 
# end
5375 0
5380 0.00128812
5385 0.00284365
5390 0.00370507
5395 0.00402752
5400 0.00438691
5405 0.00477635
5410 0.00520286
5415 0.00567072
5420 0.00618766
5425 0.0067586
5430 0.00738111
5435 0.00805955
5440 0.00880589
5445 0.00963064
5450 0.0105481
5455 0.0115605
5460 0.0126653
5465 0.0138806
5470 0.0152228
5475 0.0167044
5480 0.0183313
5485 0.020124
5490 0.0221033
5495 0.024285
5500 0.0266877
5505 0.0293367
5510 0.0322544
5515 0.0354768
5520 0.0390187
5525 0.0429059
5530 0.0471889
5535 0.051885
5540 0.0570573
5545 0.0627928
5550 0.0691213
5555 0.0760929
5560 0.0837568
5565 0.0921169
5570 0.101203
5575 0.11101
5580 0.121621
5585 0.133117
5590 0.145504
5595 0.15876
5600 0.172902
5605 0.187973
5610 0.204057
5615 0.221167
5620 0.239336
5625 0.258542
5630 0.278677
5635 0.299675
5640 0.321511
5645 0.344043
5650 0.367222
5655 0.390846
5660 0.414879
5665 0.43929
5670 0.463969
5675 0.489041
5680 0.513758
5685 0.537557
5690 0.560651
5695 0.58373
5700 0.606104
5705 0.627602
5710 0.648125
5715 0.667559
5720 0.685797
5725 0.70269
5730 0.718251
5735 0.732351
5740 0.744907
5745 0.755918
5750 0.765176
5755 0.772788
5760 0.778866
5765 0.783444
5770 0.786451
5775 0.787992
5780 0.788177
5785 0.787248
5790 0.785396
5795 0.782732
5800 0.779485
5805 0.775844
5810 0.772064
5815 0.768259
5820 0.764672
5825 0.761398
5830 0.758584
5835 0.756303
5840 0.754642
5845 0.753623
5850 0.753213
5855 0.753405
5860 0.754198
5865 0.755512
5870 0.757237
5875 0.759257
5880 0.761515
5885 0.763816
5890 0.766052
5895 0.768136
5900 0.77004
5905 0.771626
5910 0.772835
5915 0.77369
5920 0.774214
5925 0.774417
5930 0.77432
5935 0.773997
5940 0.77358
5945 0.773185
5950 0.772859
5955 0.772638
5960 0.772617
5965 0.772925
5970 0.773652
5975 0.774817
5980 0.776445
5985 0.778501
5990 0.781083
5995 0.784193
6000 0.787786
6005 0.791731
6010 0.796009
6015 0.800554
6020 0.805323
6025 0.810296
6030 0.815446
6035 0.820648
6040 0.825892
6045 0.831148
6050 0.836394
6055 0.841595
6060 0.846724
6065 0.851695
6070 0.856474
6075 0.861065
6080 0.865461
6085 0.86961
6090 0.87356
6095 0.87725
6100 0.880689
6105 0.883799
6110 0.886623
6115 0.889147
6120 0.891464
6125 0.893468
6130 0.895205
6135 0.896708
6140 0.89807
6145 0.89928
6150 0.900355
6155 0.901354
6160 0.902379
6165 0.903503
6170 0.904692
6175 0.906015
6180 0.90746
6185 0.9091
6190 0.910876
6195 0.912872
6200 0.915024
6205 0.917299
6210 0.919685
6215 0.922152
6220 0.924638
6225 0.927015
6230 0.929296
6235 0.931428
6240 0.933404
6245 0.935131
6250 0.936612
6255 0.937835
6260 0.93884
6265 0.939631
6270 0.940257
6275 0.940716
6280 0.941119
6285 0.941536
6290 0.942005
6295 0.942524
6300 0.943167
6305 0.943902
6310 0.944753
6315 0.945757
6320 0.947046
6325 0.948477
6330 0.950005
6335 0.951596
6340 0.953236
6345 0.954871
6350 0.956406
6355 0.957825
6360 0.959032
6365 0.960031
6370 0.96072
6375 0.96114
6380 0.961249
6385 0.961079
6390 0.960608
6395 0.959891
6400 0.958993
6405 0.95794
6410 0.956797
6415 0.955585
6420 0.954415
6425 0.953288
6430 0.95223
6435 0.951298
6440 0.950486
6445 0.94982
6450 0.949215
6455 0.948728
6460 0.948209
6465 0.947616
6470 0.946899
6475 0.946032
6480 0.944929
6485 0.943489
6490 0.941658
6495 0.939387
6500 0.936613
6505 0.933333
6510 0.929507
6515 0.925259
6520 0.920512
6525 0.915369
6530 0.909755
6535 0.903758
6540 0.897399
6545 0.890738
6550 0.883889
6555 0.876875
6560 0.869701
6565 0.862332
6570 0.854831
6575 0.847192
6580 0.839447
6585 0.831586
6590 0.823646
6595 0.815587
6600 0.807376
6605 0.799072
6610 0.790697
6615 0.782274
6620 0.773866
6625 0.765442
6630 0.757067
6635 0.748791
6640 0.740655
6645 0.732784
6650 0.725275
6655 0.718299
6660 0.711834
6665 0.70582
6670 0.70026
6675 0.695172
6680 0.6906
6685 0.686486
6690 0.682763
6695 0.67936
6700 0.67617
6705 0.673165
6710 0.670298
6715 0.667515
6720 0.664752
6725 0.661971
6730 0.659177
6735 0.656369
6740 0.653594
6745 0.650974
6750 0.648664
6755 0.646855
6760 0.645799
6765 0.645721
6770 0.646962
6775 0.649751
6780 0.654436
6785 0.66141
6790 0.671024
6795 0.683645
6800 0.699519
6805 0.718776
6810 0.741408
6815 0.767121
6820 0.795153
6825 0.824264
6830 0.852067
6835 0.875613
6840 0.890927
6845 0.894107
6850 0.881372
6855 0.850352
6860 0.801194
6865 0.736783
6870 0.662294
6875 0.583039
6880 0.504022
6885 0.429357
6890 0.361888
6895 0.303105
6900 0.253131
6905 0.211317
6910 0.176775
6915 0.148223
6920 0.124728
6925 0.105345
6930 0.0893566
6935 0.0762039
6940 0.0653374
6945 0.0563173
6950 0.0487903
6955 0.0424128
6960 0.0369789
6965 0.0323232
6970 0.0283259
6975 0.0249054
6980 0.0219565
6985 0.0193994
6990 0.0171767
6995 0.0152348
7000 0.0135392
7005 0.0120506
7010 0.0107364
7015 0.00958514
7020 0.00856623
7025 0.00766826
7030 0.00687603
7035 0.00617856
7040 0.00556275
7045 0.00501653
7050 0.00452661
7055 0.00409175
7060 0.00370159
7065 0.00256711
7070 0.00134785
7075 0.000247636
