@MEASUREMENT_RADIUS 4.7 cm
# lambda : Angstroms 
# tr : transmission ([0,1]) 
# end
5360 2.13859e-06
5365 0.0012559
5370 0.00278686
5375 0.00363962
5380 0.0039549
5385 0.00430076
5390 0.0046808
5395 0.00510067
5400 0.00556588
5405 0.00607324
5410 0.00663141
5415 0.00724731
5420 0.00792681
5425 0.00867184
5430 0.00948644
5435 0.0103837
5440 0.0113717
5445 0.0124609
5450 0.0136767
5455 0.0150206
5460 0.0164874
5465 0.0181074
5470 0.0199007
5475 0.0218789
5480 0.024051
5485 0.0264435
5490 0.0290838
5495 0.0319942
5500 0.0352049
5505 0.0387447
5510 0.0426454
5515 0.046956
5520 0.0516845
5525 0.0568525
5530 0.0625355
5535 0.0687653
5540 0.0756061
5545 0.0831588
5550 0.0914549
5555 0.100544
5560 0.110478
5565 0.121276
5570 0.132933
5575 0.145395
5580 0.158737
5585 0.173052
5590 0.188327
5595 0.204524
5600 0.221611
5605 0.239632
5610 0.258665
5615 0.278631
5620 0.299463
5625 0.321153
5630 0.343581
5635 0.366644
5640 0.39021
5645 0.414122
5650 0.438322
5655 0.462583
5660 0.486833
5665 0.511106
5670 0.535233
5675 0.559215
5680 0.582509
5685 0.604631
5690 0.625711
5695 0.646246
5700 0.665724
5705 0.684061
5710 0.701218
5715 0.717106
5720 0.731639
5725 0.744685
5730 0.756305
5735 0.766426
5740 0.775061
5745 0.782168
5750 0.787644
5755 0.7916
5760 0.794173
5765 0.795411
5770 0.795329
5775 0.794032
5780 0.791642
5785 0.78846
5790 0.784687
5795 0.780416
5800 0.775865
5805 0.771222
5810 0.76667
5815 0.762336
5820 0.758441
5825 0.755029
5830 0.752156
5835 0.749923
5840 0.748418
5845 0.747602
5850 0.747443
5855 0.747904
5860 0.748929
5865 0.750424
5870 0.752313
5875 0.754472
5880 0.756784
5885 0.759161
5890 0.761462
5895 0.763598
5900 0.765503
5905 0.767148
5910 0.76847
5915 0.769483
5920 0.770203
5925 0.770672
5930 0.770934
5935 0.771081
5940 0.771186
5945 0.771313
5950 0.771544
5955 0.771989
5960 0.772732
5965 0.773827
5970 0.7753
5975 0.77722
5980 0.779556
5985 0.7823
5990 0.785506
5995 0.789204
6000 0.793325
6005 0.797756
6010 0.802453
6015 0.807326
6020 0.812365
6025 0.817532
6030 0.82282
6035 0.828128
6040 0.833442
6045 0.838718
6050 0.843969
6055 0.849127
6060 0.85418
6065 0.859083
6070 0.863787
6075 0.868298
6080 0.872543
6085 0.8765
6090 0.880205
6095 0.883704
6100 0.886927
6105 0.889792
6110 0.892327
6115 0.894566
6120 0.896585
6125 0.898338
6130 0.899828
6135 0.901091
6140 0.902217
6145 0.903224
6150 0.904129
6155 0.905017
6160 0.905976
6165 0.907031
6170 0.908137
6175 0.909348
6180 0.910734
6185 0.912323
6190 0.914064
6195 0.916005
6200 0.91811
6205 0.920339
6210 0.922591
6215 0.92487
6220 0.92712
6225 0.929296
6230 0.93136
6235 0.933256
6240 0.934993
6245 0.936553
6250 0.937874
6255 0.93898
6260 0.939879
6265 0.940627
6270 0.941258
6275 0.941786
6280 0.942275
6285 0.942771
6290 0.94337
6295 0.944029
6300 0.944785
6305 0.945656
6310 0.946661
6315 0.947797
6320 0.949131
6325 0.950554
6330 0.952016
6335 0.95346
6340 0.954867
6345 0.956148
6350 0.957286
6355 0.958272
6360 0.958998
6365 0.959453
6370 0.959598
6375 0.959486
6380 0.959119
6385 0.958485
6390 0.957618
6395 0.95655
6400 0.955379
6405 0.954062
6410 0.952739
6415 0.951424
6420 0.95021
6425 0.949049
6430 0.947986
6435 0.947046
6440 0.946228
6445 0.945537
6450 0.944876
6455 0.944218
6460 0.943492
6465 0.942634
6470 0.941599
6475 0.940302
6480 0.938666
6485 0.936652
6490 0.934233
6495 0.931353
6500 0.927965
6505 0.924104
6510 0.91975
6515 0.915
6520 0.909838
6525 0.904339
6530 0.898444
6535 0.892218
6540 0.885751
6545 0.879066
6550 0.872287
6555 0.865362
6560 0.858325
6565 0.851191
6570 0.844006
6575 0.836732
6580 0.829355
6585 0.82188
6590 0.814326
6595 0.806675
6600 0.798916
6605 0.791111
6610 0.783262
6615 0.775416
6620 0.76757
6625 0.759753
6630 0.752018
6635 0.744416
6640 0.736994
6645 0.729856
6650 0.723092
6655 0.716787
6660 0.710975
6665 0.705611
6670 0.700687
6675 0.696159
6680 0.692046
6685 0.688344
6690 0.684976
6695 0.681846
6700 0.678869
6705 0.676024
6710 0.6733
6715 0.670647
6720 0.668039
6725 0.665471
6730 0.662961
6735 0.660586
6740 0.658424
6745 0.65663
6750 0.655386
6755 0.654946
6760 0.655558
6765 0.657473
6770 0.661002
6775 0.66649
6780 0.674248
6785 0.684623
6790 0.69784
6795 0.7141
6800 0.73337
6805 0.755363
6810 0.779473
6815 0.804545
6820 0.82884
6825 0.850094
6830 0.86542
6835 0.871888
6840 0.866553
6845 0.847491
6850 0.813593
6855 0.765351
6860 0.705096
6865 0.63654
6870 0.564299
6875 0.492103
6880 0.423086
6885 0.359545
6890 0.302918
6895 0.25399
6900 0.212562
6905 0.177945
6910 0.14931
6915 0.12555
6920 0.105996
6925 0.0898351
6930 0.076472
6935 0.0654284
6940 0.0562778
6945 0.0486641
6950 0.0422903
6955 0.0368644
6960 0.0322239
6965 0.0282375
6970 0.0248034
6975 0.0218622
6980 0.0193128
6985 0.0170988
6990 0.0151666
6995 0.013479
7000 0.0120026
7005 0.0107029
7010 0.00955477
7015 0.00854927
7020 0.00765968
7025 0.00686943
7030 0.00616961
7035 0.00555144
7040 0.0050062
7045 0.00452144
7050 0.00408846
7055 0.00370464
7060 0.00257633
7065 0.00134969
7070 0.000248281
