@MEASUREMENT_RADIUS 7 cm
# lambda : Angstroms 
# tr : transmission ([0,1]) 
# end
5345 2.06363e-05
5350 0.00120456
5355 0.00269221
5360 0.00352064
5365 0.00383208
5370 0.00417378
5375 0.00454355
5380 0.00495357
5385 0.00540507
5390 0.00589931
5395 0.00644201
5400 0.00704185
5405 0.00769766
5410 0.00842149
5415 0.00921871
5420 0.0101032
5425 0.0110746
5430 0.0121341
5435 0.0133036
5440 0.0146003
5445 0.0160325
5450 0.0176282
5455 0.0193912
5460 0.0213281
5465 0.0234712
5470 0.0258406
5475 0.0284581
5480 0.0313446
5485 0.0345305
5490 0.0380503
5495 0.0419221
5500 0.0461851
5505 0.0508828
5510 0.056052
5515 0.0617425
5520 0.0679786
5525 0.0747838
5530 0.0822457
5535 0.0904047
5540 0.0993242
5545 0.109103
5550 0.119792
5555 0.131456
5560 0.1441
5565 0.157668
5570 0.172173
5575 0.187586
5580 0.203943
5585 0.221257
5590 0.239505
5595 0.25865
5600 0.278614
5605 0.299346
5610 0.320869
5615 0.343095
5620 0.365971
5625 0.389432
5630 0.413253
5635 0.4373
5640 0.461478
5645 0.485621
5650 0.509625
5655 0.533257
5660 0.556428
5665 0.579152
5670 0.60132
5675 0.622945
5680 0.64348
5685 0.662521
5690 0.680253
5695 0.697173
5700 0.71279
5705 0.72707
5710 0.739954
5715 0.751413
5720 0.761386
5725 0.769827
5730 0.77678
5735 0.78219
5740 0.786098
5745 0.788582
5750 0.789607
5755 0.789324
5760 0.787937
5765 0.785541
5770 0.782208
5775 0.778122
5780 0.773546
5785 0.768728
5790 0.763878
5795 0.759101
5800 0.754591
5805 0.75048
5810 0.746863
5815 0.743841
5820 0.741526
5825 0.739906
5830 0.738998
5835 0.738799
5840 0.739329
5845 0.740471
5850 0.742152
5855 0.744191
5860 0.746558
5865 0.749132
5870 0.751781
5875 0.75437
5880 0.756845
5885 0.75913
5890 0.761111
5895 0.762766
5900 0.76411
5905 0.765178
5910 0.765964
5915 0.766539
5920 0.766947
5925 0.767284
5930 0.767626
5935 0.768091
5940 0.768732
5945 0.769622
5950 0.770811
5955 0.772369
5960 0.774326
5965 0.776723
5970 0.779527
5975 0.782759
5980 0.786378
5985 0.790355
5990 0.794715
5995 0.799426
6000 0.804392
6005 0.80949
6010 0.814679
6015 0.819925
6020 0.825233
6025 0.830594
6030 0.835922
6035 0.841154
6040 0.846334
6045 0.851429
6050 0.856417
6055 0.861255
6060 0.865931
6065 0.870427
6070 0.874707
6075 0.878777
6080 0.882544
6085 0.885991
6090 0.889152
6095 0.892042
6100 0.894627
6105 0.896875
6110 0.89883
6115 0.900554
6120 0.902105
6125 0.903465
6130 0.904642
6135 0.905744
6140 0.906835
6145 0.907925
6150 0.909035
6155 0.910237
6160 0.911599
6165 0.91315
6170 0.914864
6175 0.916748
6180 0.91877
6185 0.920932
6190 0.923179
6195 0.925539
6200 0.927962
6205 0.930359
6210 0.932654
6215 0.934805
6220 0.936808
6225 0.938612
6230 0.940209
6235 0.941627
6240 0.94289
6245 0.94395
6250 0.944776
6255 0.945484
6260 0.946155
6265 0.946781
6270 0.9474
6275 0.948053
6280 0.948801
6285 0.94965
6290 0.950633
6295 0.951704
6300 0.952872
6305 0.954103
6310 0.955349
6315 0.956545
6320 0.957708
6325 0.95875
6330 0.959617
6335 0.960267
6340 0.960647
6345 0.960706
6350 0.960432
6355 0.959889
6360 0.959047
6365 0.95794
6370 0.956559
6375 0.954997
6380 0.953284
6385 0.951505
6390 0.949721
6395 0.947996
6400 0.946382
6405 0.944845
6410 0.943461
6415 0.942173
6420 0.94106
6425 0.940097
6430 0.939253
6435 0.938449
6440 0.937616
6445 0.936733
6450 0.935649
6455 0.934343
6460 0.932706
6465 0.93073
6470 0.928326
6475 0.925485
6480 0.9221
6485 0.918197
6490 0.913845
6495 0.909082
6500 0.903949
6505 0.898446
6510 0.89261
6515 0.886589
6520 0.880388
6525 0.874071
6530 0.867607
6535 0.861093
6540 0.854551
6545 0.847963
6550 0.841378
6555 0.834762
6560 0.82813
6565 0.821448
6570 0.81472
6575 0.807845
6580 0.800868
6585 0.793768
6590 0.78662
6595 0.779372
6600 0.77201
6605 0.764653
6610 0.757354
6615 0.750206
6620 0.743196
6625 0.736364
6630 0.729791
6635 0.723525
6640 0.717637
6645 0.712164
6650 0.707154
6655 0.702666
6660 0.698668
6665 0.69509
6670 0.691867
6675 0.688927
6680 0.686273
6685 0.683832
6690 0.681538
6695 0.67926
6700 0.676954
6705 0.674626
6710 0.672349
6715 0.670165
6720 0.668157
6725 0.666457
6730 0.66525
6735 0.664726
6740 0.665141
6745 0.666845
6750 0.670153
6755 0.675372
6760 0.682826
6765 0.692867
6770 0.705839
6775 0.721945
6780 0.741222
6785 0.763608
6790 0.788557
6795 0.815051
6800 0.841251
6805 0.864464
6810 0.881458
6815 0.88845
6820 0.882021
6825 0.859275
6830 0.819507
6835 0.7638
6840 0.695347
6845 0.618785
6850 0.539204
6855 0.461485
6860 0.38944
6865 0.325747
6870 0.271554
6875 0.226253
6880 0.188765
6885 0.15784
6890 0.132409
6895 0.111614
6900 0.094604
6905 0.0806174
6910 0.0690671
6915 0.0593876
6920 0.0512975
6925 0.0444567
6930 0.038667
6935 0.033761
6940 0.0296031
6945 0.0260533
6950 0.0230077
6955 0.0203515
6960 0.0180291
6965 0.0159908
6970 0.0142034
6975 0.0126459
6980 0.0112765
6985 0.0100707
6990 0.00900775
6995 0.0080674
7000 0.00723818
7005 0.00649952
7010 0.00584637
7015 0.00526908
7020 0.00475307
7025 0.00428938
7030 0.0038706
7035 0.00270307
7040 0.00142243
7045 0.000264205
