@MEASUREMENT_RADIUS 9.3 cm
# lambda : Angstroms 
# tr : transmission ([0,1]) 
# end
5335 4.75485e-05
5340 0.00121969
5345 0.00273558
5350 0.00358559
5355 0.00390948
5360 0.00426142
5365 0.00465144
5370 0.00508092
5375 0.00554836
5380 0.00606268
5385 0.00663135
5390 0.00725345
5395 0.00793678
5400 0.00869265
5405 0.00952534
5410 0.0104443
5415 0.0114579
5420 0.0125836
5425 0.0138273
5430 0.0151883
5435 0.0166836
5440 0.0183379
5445 0.0201719
5450 0.0222283
5455 0.0245142
5460 0.0270337
5465 0.0298217
5470 0.0329009
5475 0.0362979
5480 0.0400498
5485 0.0441991
5490 0.0487859
5495 0.0538398
5500 0.0593917
5505 0.0654952
5510 0.0722
5515 0.0795725
5520 0.087626
5525 0.0964003
5530 0.105971
5535 0.116362
5540 0.127668
5545 0.140016
5550 0.153394
5555 0.167844
5560 0.183392
5565 0.199956
5570 0.217472
5575 0.235809
5580 0.254985
5585 0.275038
5590 0.295877
5595 0.317386
5600 0.33944
5605 0.361994
5610 0.385064
5615 0.408491
5620 0.432153
5625 0.455983
5630 0.479759
5635 0.503374
5640 0.526723
5645 0.549594
5650 0.571895
5655 0.593474
5660 0.614282
5665 0.634384
5670 0.653677
5675 0.672158
5680 0.689402
5685 0.705069
5690 0.71936
5695 0.732722
5700 0.744792
5705 0.755489
5710 0.764804
5715 0.772715
5720 0.779178
5725 0.784173
5730 0.787795
5735 0.790001
5740 0.790846
5745 0.790422
5750 0.788718
5755 0.785916
5760 0.782224
5765 0.777761
5770 0.772624
5775 0.767024
5780 0.761198
5785 0.755425
5790 0.749942
5795 0.744834
5800 0.740186
5805 0.736122
5810 0.732783
5815 0.730241
5820 0.728513
5825 0.727561
5830 0.727387
5835 0.728014
5840 0.729374
5845 0.731323
5850 0.733787
5855 0.736626
5860 0.739708
5865 0.742902
5870 0.746151
5875 0.749291
5880 0.752252
5885 0.754948
5890 0.757345
5895 0.759385
5900 0.761094
5905 0.76249
5910 0.763597
5915 0.76452
5920 0.765318
5925 0.766087
5930 0.7669
5935 0.76783
5940 0.768958
5945 0.770314
5950 0.772002
5955 0.774049
5960 0.77648
5965 0.779267
5970 0.782456
5975 0.786034
5980 0.789959
5985 0.794192
5990 0.798757
5995 0.80363
6000 0.808746
6005 0.813999
6010 0.819344
6015 0.824729
6020 0.830162
6025 0.835641
6030 0.841122
6035 0.846583
6040 0.852011
6045 0.857361
6050 0.862633
6055 0.867785
6060 0.872807
6065 0.877644
6070 0.882235
6075 0.886529
6080 0.890509
6085 0.894133
6090 0.897465
6095 0.900453
6100 0.903104
6105 0.905362
6110 0.907321
6115 0.908985
6120 0.910444
6125 0.91171
6130 0.912819
6135 0.913845
6140 0.914873
6145 0.915925
6150 0.917019
6155 0.918208
6160 0.919574
6165 0.92114
6170 0.922872
6175 0.924756
6180 0.926761
6185 0.928921
6190 0.93115
6195 0.933489
6200 0.935876
6205 0.938237
6210 0.940484
6215 0.942621
6220 0.944616
6225 0.946409
6230 0.94798
6235 0.949372
6240 0.950584
6245 0.951634
6250 0.952525
6255 0.95333
6260 0.954067
6265 0.954751
6270 0.955423
6275 0.956091
6280 0.956782
6285 0.957522
6290 0.958322
6295 0.959127
6300 0.959863
6305 0.960507
6310 0.961013
6315 0.961375
6320 0.961595
6325 0.961583
6330 0.961274
6335 0.960644
6340 0.959715
6345 0.958488
6350 0.95696
6355 0.955174
6360 0.953138
6365 0.950939
6370 0.948608
6375 0.946231
6380 0.943863
6385 0.941544
6390 0.93931
6395 0.937211
6400 0.935289
6405 0.933552
6410 0.932011
6415 0.930658
6420 0.929433
6425 0.928291
6430 0.927188
6435 0.926086
6440 0.924865
6445 0.923446
6450 0.921779
6455 0.919829
6460 0.917519
6465 0.914766
6470 0.911585
6475 0.907965
6480 0.903931
6485 0.899521
6490 0.894773
6495 0.889661
6500 0.884262
6505 0.878665
6510 0.87295
6515 0.867215
6520 0.861443
6525 0.855654
6530 0.849847
6535 0.844035
6540 0.838243
6545 0.832398
6550 0.826592
6555 0.820757
6560 0.814854
6565 0.808813
6570 0.802642
6575 0.796308
6580 0.789849
6585 0.783246
6590 0.776562
6595 0.769785
6600 0.762938
6605 0.756136
6610 0.749416
6615 0.742881
6620 0.736576
6625 0.730552
6630 0.724857
6635 0.719536
6640 0.714652
6645 0.710257
6650 0.706369
6655 0.70303
6660 0.700189
6665 0.697753
6670 0.695651
6675 0.693819
6680 0.692245
6685 0.690881
6690 0.689644
6695 0.688482
6700 0.687369
6705 0.686378
6710 0.685604
6715 0.685165
6720 0.685231
6725 0.685994
6730 0.687682
6735 0.690556
6740 0.694937
6745 0.701258
6750 0.709817
6755 0.720902
6760 0.73474
6765 0.751472
6770 0.771087
6775 0.793226
6780 0.81704
6785 0.841132
6790 0.863239
6795 0.880468
6800 0.88924
6805 0.885993
6810 0.867775
6815 0.83297
6820 0.78213
6825 0.717433
6830 0.643526
6835 0.565189
6840 0.487385
6845 0.413985
6850 0.347566
6855 0.289697
6860 0.240344
6865 0.199379
6870 0.166004
6875 0.13887
6880 0.116778
6885 0.0986603
6890 0.0837824
6895 0.0715447
6900 0.0614174
6905 0.0529907
6910 0.0459522
6915 0.0399959
6920 0.0349431
6925 0.030617
6930 0.0269031
6935 0.0237193
6940 0.0209835
6945 0.0186231
6950 0.0165777
6955 0.0147764
6960 0.0131873
6965 0.0117792
6970 0.0105335
6975 0.00943639
6980 0.0084639
6985 0.00760116
6990 0.00683516
6995 0.00615514
7000 0.00555057
7005 0.00501021
7010 0.00452822
7015 0.00409931
7020 0.00368144
7025 0.00259971
7030 0.00136536
7035 0.000252719
