@MEASUREMENT_RADIUS 14 cm
# lambda : Angstroms 
# tr : transmission ([0,1]) 
# end
5310 0.000104204
5315 0.00126976
5320 0.00287208
5325 0.00377278
5330 0.00411472
5335 0.00449505
5340 0.00492217
5345 0.00539636
5350 0.00591876
5355 0.00649378
5360 0.00712331
5365 0.00782015
5370 0.00859392
5375 0.00943969
5380 0.0103673
5385 0.0113951
5390 0.0125315
5395 0.0137851
5400 0.0151718
5405 0.0167087
5410 0.018417
5415 0.0203128
5420 0.0224218
5425 0.0247602
5430 0.0273341
5435 0.0301868
5440 0.0333607
5445 0.0368951
5450 0.0408562
5455 0.0452592
5460 0.0501172
5465 0.0554986
5470 0.0614454
5475 0.0679999
5480 0.075211
5485 0.0831302
5490 0.0918284
5495 0.101341
5500 0.111708
5505 0.123011
5510 0.135308
5515 0.148636
5520 0.162945
5525 0.178247
5530 0.19462
5535 0.212004
5540 0.230439
5545 0.250048
5550 0.270692
5555 0.29226
5560 0.314671
5565 0.337639
5570 0.360968
5575 0.38444
5580 0.408017
5585 0.431643
5590 0.455168
5595 0.478384
5600 0.501184
5605 0.523542
5610 0.545444
5615 0.566722
5620 0.587363
5625 0.607361
5630 0.626541
5635 0.644857
5640 0.662273
5645 0.678716
5650 0.694217
5655 0.708686
5660 0.722137
5665 0.734618
5670 0.746097
5675 0.756585
5680 0.765935
5685 0.773926
5690 0.780686
5695 0.786432
5700 0.791043
5705 0.794454
5710 0.796635
5715 0.797572
5720 0.7973
5725 0.795806
5730 0.793181
5735 0.789506
5740 0.784902
5745 0.779441
5750 0.773236
5755 0.766454
5760 0.759334
5765 0.752051
5770 0.744731
5775 0.737581
5780 0.730844
5785 0.724751
5790 0.719496
5795 0.715076
5800 0.71153
5805 0.708943
5810 0.70739
5815 0.706804
5820 0.707163
5825 0.708386
5830 0.710445
5835 0.713229
5840 0.716655
5845 0.720532
5850 0.724732
5855 0.729082
5860 0.733459
5865 0.737748
5870 0.74183
5875 0.745622
5880 0.749056
5885 0.752101
5890 0.754745
5895 0.757
5900 0.758926
5905 0.760589
5910 0.762072
5915 0.763474
5920 0.76485
5925 0.766331
5930 0.767977
5935 0.769861
5940 0.772011
5945 0.774508
5950 0.777384
5955 0.780631
5960 0.784257
5965 0.788255
5970 0.792645
5975 0.797391
5980 0.802465
5985 0.807756
5990 0.813326
5995 0.819188
6000 0.825244
6005 0.831368
6010 0.837575
6015 0.843826
6020 0.850097
6025 0.856351
6030 0.862565
6035 0.868727
6040 0.874808
6045 0.880744
6050 0.886513
6055 0.892053
6060 0.897319
6065 0.90222
6070 0.906712
6075 0.910776
6080 0.914358
6085 0.917422
6090 0.920049
6095 0.922222
6100 0.923925
6105 0.925194
6110 0.926139
6115 0.926839
6120 0.927369
6125 0.927781
6130 0.928146
6135 0.928554
6140 0.929114
6145 0.929854
6150 0.930785
6155 0.931921
6160 0.933341
6165 0.935055
6170 0.937038
6175 0.939233
6180 0.941538
6185 0.943948
6190 0.946401
6195 0.948902
6200 0.951347
6205 0.953676
6210 0.955797
6215 0.957703
6220 0.959411
6225 0.960857
6230 0.962023
6235 0.962928
6240 0.963639
6245 0.964163
6250 0.964489
6255 0.964702
6260 0.96483
6265 0.964882
6270 0.96483
6275 0.964679
6280 0.964473
6285 0.964164
6290 0.96375
6295 0.963168
6300 0.962394
6305 0.961331
6310 0.959918
6315 0.958178
6320 0.956138
6325 0.953712
6330 0.950888
6335 0.947729
6340 0.944311
6345 0.940613
6350 0.936677
6355 0.932626
6360 0.928519
6365 0.92445
6370 0.92044
6375 0.916608
6380 0.912987
6385 0.909682
6390 0.906698
6395 0.904029
6400 0.901651
6405 0.899536
6410 0.897679
6415 0.896039
6420 0.894574
6425 0.893144
6430 0.891734
6435 0.890238
6440 0.88861
6445 0.886781
6450 0.884673
6455 0.882295
6460 0.879587
6465 0.876523
6470 0.873086
6475 0.869356
6480 0.865351
6485 0.861117
6490 0.85674
6495 0.852293
6500 0.847772
6505 0.843256
6510 0.838805
6515 0.834498
6520 0.830293
6525 0.826243
6530 0.822258
6535 0.818345
6540 0.814465
6545 0.810599
6550 0.806741
6555 0.802803
6560 0.798763
6565 0.79457
6570 0.790229
6575 0.785695
6580 0.780989
6585 0.776166
6590 0.77127
6595 0.766339
6600 0.761429
6605 0.756636
6610 0.752029
6615 0.747703
6620 0.743736
6625 0.740188
6630 0.737088
6635 0.734491
6640 0.732448
6645 0.730992
6650 0.730079
6655 0.72972
6660 0.729859
6665 0.730443
6670 0.731408
6675 0.732693
6680 0.73431
6685 0.736224
6690 0.738472
6695 0.741038
6700 0.74403
6705 0.74758
6710 0.751869
6715 0.757104
6720 0.763477
6725 0.771165
6730 0.780398
6735 0.791406
6740 0.804355
6745 0.819193
6750 0.835446
6755 0.85237
6760 0.868708
6765 0.882718
6770 0.892064
6775 0.893952
6780 0.885613
6785 0.864545
6790 0.829475
6795 0.780497
6800 0.719392
6805 0.649516
6810 0.574943
6815 0.500069
6820 0.428389
6825 0.362502
6830 0.304191
6835 0.253781
6840 0.211332
6845 0.1759
6850 0.146631
6855 0.122583
6860 0.102836
6865 0.0867437
6870 0.0737022
6875 0.0630467
6880 0.0542572
6885 0.0469272
6890 0.0407739
6895 0.0355998
6900 0.0312194
6905 0.0274967
6910 0.02431
6915 0.0215514
6920 0.0191613
6925 0.0170721
6930 0.0152436
6935 0.0136467
6940 0.0122479
6945 0.0110183
6950 0.00993086
6955 0.00895789
6960 0.00808512
6965 0.00730028
6970 0.00659679
6975 0.00597053
6980 0.00540868
6985 0.00490567
6990 0.00445418
6995 0.00404769
7000 0.00359922
7005 0.00259178
7010 0.00136556
7015 0.000259093
