@MEASUREMENT_RADIUS 16.3 cm
# lambda : Angstroms 
# tr : transmission ([0,1]) 
# end
5295 0.000124932
5300 0.00117883
5305 0.00267996
5310 0.00351821
5315 0.0038353
5320 0.00419024
5325 0.00458135
5330 0.00502019
5335 0.00550816
5340 0.00605408
5345 0.00666359
5350 0.00733997
5355 0.00808531
5360 0.00890386
5365 0.00980386
5370 0.0108021
5375 0.0119033
5380 0.0131179
5385 0.014459
5390 0.0159403
5395 0.0175841
5400 0.0194095
5405 0.0214344
5410 0.0236889
5415 0.0261984
5420 0.0289949
5425 0.0321118
5430 0.0355562
5435 0.0393749
5440 0.0436327
5445 0.0483845
5450 0.0537113
5455 0.0596304
5460 0.0661564
5465 0.0733793
5470 0.0813522
5475 0.0901353
5480 0.0997774
5485 0.110319
5490 0.121852
5495 0.134415
5500 0.148016
5505 0.162688
5510 0.178472
5515 0.195392
5520 0.213384
5525 0.232382
5530 0.252421
5535 0.273348
5540 0.295123
5545 0.317836
5550 0.341248
5555 0.365174
5560 0.389431
5565 0.413677
5570 0.437707
5575 0.461272
5580 0.484328
5585 0.506887
5590 0.528782
5595 0.549876
5600 0.570107
5605 0.589511
5610 0.608195
5615 0.626086
5620 0.643138
5625 0.659433
5630 0.674872
5635 0.689416
5640 0.703116
5645 0.715933
5650 0.727891
5655 0.738934
5660 0.749052
5665 0.758304
5670 0.766664
5675 0.774093
5680 0.780494
5685 0.785742
5690 0.789879
5695 0.793037
5700 0.795135
5705 0.796116
5710 0.795957
5715 0.794662
5720 0.792233
5725 0.788666
5730 0.784078
5735 0.778581
5740 0.772303
5745 0.765333
5750 0.757812
5755 0.74993
5760 0.741959
5765 0.734064
5770 0.726349
5775 0.719034
5780 0.71233
5785 0.706472
5790 0.701651
5795 0.697834
5800 0.695
5805 0.69322
5810 0.692519
5815 0.692847
5820 0.694135
5825 0.69627
5830 0.699227
5835 0.702905
5840 0.707161
5845 0.711804
5850 0.716685
5855 0.721608
5860 0.726418
5865 0.73102
5870 0.735332
5875 0.739292
5880 0.742849
5885 0.745958
5890 0.748661
5895 0.750995
5900 0.753059
5905 0.75489
5910 0.756591
5915 0.758278
5920 0.760041
5925 0.761994
5930 0.764197
5935 0.766745
5940 0.769637
5945 0.772908
5950 0.776586
5955 0.780661
5960 0.785165
5965 0.790121
5970 0.795511
5975 0.801227
5980 0.80722
5985 0.813499
5990 0.820082
5995 0.826913
6000 0.833872
6005 0.840863
6010 0.847901
6015 0.854879
6020 0.861747
6025 0.86866
6030 0.875577
6035 0.882376
6040 0.888865
6045 0.895088
6050 0.901019
6055 0.906605
6060 0.911845
6065 0.916637
6070 0.920898
6075 0.9246
6080 0.927739
6085 0.930316
6090 0.932413
6095 0.93402
6100 0.935176
6105 0.935937
6110 0.936385
6115 0.936587
6120 0.936691
6125 0.936786
6130 0.93691
6135 0.93713
6140 0.937518
6145 0.93812
6150 0.938965
6155 0.940078
6160 0.941471
6165 0.943122
6170 0.944977
6175 0.946993
6180 0.949122
6185 0.951316
6190 0.953462
6195 0.955605
6200 0.957662
6205 0.959549
6210 0.961161
6215 0.962516
6220 0.963613
6225 0.964445
6230 0.965007
6235 0.965317
6240 0.965433
6245 0.965384
6250 0.965169
6255 0.964819
6260 0.964354
6265 0.963771
6270 0.963076
6275 0.962269
6280 0.961302
6285 0.960184
6290 0.958902
6295 0.957381
6300 0.955541
6305 0.95335
6310 0.950765
6315 0.947786
6320 0.944456
6325 0.940741
6330 0.936677
6335 0.932316
6340 0.927731
6345 0.922957
6350 0.918081
6355 0.913203
6360 0.908371
6365 0.903684
6370 0.899196
6375 0.895005
6380 0.891141
6385 0.887634
6390 0.88449
6395 0.881703
6400 0.879282
6405 0.87713
6410 0.87524
6415 0.873565
6420 0.872016
6425 0.870482
6430 0.868921
6435 0.867314
6440 0.86559
6445 0.86368
6450 0.861455
6455 0.858943
6460 0.856141
6465 0.853072
6470 0.849759
6475 0.846227
6480 0.8425
6485 0.838688
6490 0.834856
6495 0.831056
6500 0.827311
6505 0.823655
6510 0.820162
6515 0.816903
6520 0.813841
6525 0.81096
6530 0.8082
6535 0.805573
6540 0.803019
6545 0.800498
6550 0.797989
6555 0.795429
6560 0.792803
6565 0.790063
6570 0.787186
6575 0.784173
6580 0.78104
6585 0.77784
6590 0.774628
6595 0.771448
6600 0.76835
6605 0.765427
6610 0.762742
6615 0.760399
6620 0.758456
6625 0.756979
6630 0.755986
6635 0.7555
6640 0.755573
6645 0.756197
6650 0.757338
6655 0.758988
6660 0.761081
6665 0.763572
6670 0.766409
6675 0.769586
6680 0.773133
6685 0.777043
6690 0.781362
6695 0.786154
6700 0.791542
6705 0.79766
6710 0.804672
6715 0.812746
6720 0.821961
6725 0.832289
6730 0.843656
6735 0.855761
6740 0.868053
6745 0.87955
6750 0.888768
6755 0.893788
6760 0.892245
6765 0.881831
6770 0.86045
6775 0.826772
6780 0.780609
6785 0.723066
6790 0.656937
6795 0.585599
6800 0.512979
6805 0.442554
6810 0.377068
6815 0.318452
6820 0.267233
6825 0.223402
6830 0.186623
6835 0.155994
6840 0.130798
6845 0.109986
6850 0.092821
6855 0.0786953
6860 0.0670126
6865 0.0573895
6870 0.049485
6875 0.0429315
6880 0.0374491
6885 0.0328038
6890 0.0288546
6895 0.0254935
6900 0.0226134
6905 0.0201303
6910 0.0179754
6915 0.0160844
6920 0.0144275
6925 0.012964
6930 0.011667
6935 0.010523
6940 0.00950869
6945 0.00860914
6950 0.00780686
6955 0.00708498
6960 0.00643285
6965 0.00584232
6970 0.00530932
6975 0.00483077
6980 0.00439604
6985 0.00400092
6990 0.0035313
6995 0.00257819
7000 0.00136144
7005 0.000271187
