@MEASUREMENT_RADIUS 18.6 cm
# lambda : Angstroms 
# tr : transmission ([0,1]) 
# end
5300 0.000164716
5305 0.00122584
5310 0.0027756
5315 0.00365006
5320 0.00398892
5325 0.00436371
5330 0.00478008
5335 0.00524748
5340 0.00577329
5345 0.00635802
5350 0.00701226
5355 0.007741
5360 0.00854437
5365 0.00942577
5370 0.0104012
5375 0.0114809
5380 0.0126746
5385 0.0139924
5390 0.0154501
5395 0.017067
5400 0.0188607
5405 0.0208478
5410 0.0230594
5415 0.0255239
5420 0.0282729
5425 0.0313379
5430 0.034737
5435 0.0385255
5440 0.0427542
5445 0.0474823
5450 0.0527995
5455 0.0587308
5460 0.0652949
5465 0.072589
5470 0.0806747
5475 0.0896171
5480 0.0994734
5485 0.110286
5490 0.122157
5495 0.135119
5500 0.149177
5505 0.164392
5510 0.180796
5515 0.198411
5520 0.217178
5525 0.237031
5530 0.257992
5535 0.279903
5540 0.302684
5545 0.326377
5550 0.350704
5555 0.375473
5560 0.400417
5565 0.42512
5570 0.449332
5575 0.472738
5580 0.495278
5585 0.516945
5590 0.537593
5595 0.557075
5600 0.575419
5605 0.59266
5610 0.608952
5615 0.624361
5620 0.638996
5625 0.652974
5630 0.666224
5635 0.678811
5640 0.690808
5645 0.702229
5650 0.713084
5655 0.723333
5660 0.732984
5665 0.742084
5670 0.750544
5675 0.758359
5680 0.765387
5685 0.771442
5690 0.776601
5695 0.78101
5700 0.784534
5705 0.787107
5710 0.788722
5715 0.789323
5720 0.788875
5725 0.787376
5730 0.784846
5735 0.781228
5740 0.776594
5745 0.771002
5750 0.764514
5755 0.757222
5760 0.749347
5765 0.741039
5770 0.732408
5775 0.723645
5780 0.715022
5785 0.706861
5790 0.699381
5795 0.692631
5800 0.686735
5805 0.68184
5810 0.677989
5815 0.675192
5820 0.673573
5825 0.673091
5830 0.673684
5835 0.675296
5840 0.677929
5845 0.68144
5850 0.685661
5855 0.690388
5860 0.695479
5865 0.700794
5870 0.706192
5875 0.711516
5880 0.716657
5885 0.721487
5890 0.725913
5895 0.729863
5900 0.733346
5905 0.73639
5910 0.739092
5915 0.74151
5920 0.743708
5925 0.745815
5930 0.747951
5935 0.75024
5940 0.752793
5945 0.755654
5950 0.758898
5955 0.762594
5960 0.766806
5965 0.771554
5970 0.776835
5975 0.782591
5980 0.788806
5985 0.79547
5990 0.802573
5995 0.81006
6000 0.817813
6005 0.82569
6010 0.833635
6015 0.841576
6020 0.849499
6025 0.857392
6030 0.865188
6035 0.872816
6040 0.880255
6045 0.887427
6050 0.894328
6055 0.900918
6060 0.907206
6065 0.913096
6070 0.918484
6075 0.923389
6080 0.927767
6085 0.931561
6090 0.934832
6095 0.93756
6100 0.93974
6105 0.941396
6110 0.942572
6115 0.943328
6120 0.943762
6125 0.943898
6130 0.943775
6135 0.943482
6140 0.943149
6145 0.942839
6150 0.942605
6155 0.942495
6160 0.9426
6165 0.942904
6170 0.943432
6175 0.944151
6180 0.945064
6185 0.946155
6190 0.947366
6195 0.948711
6200 0.950096
6205 0.951461
6210 0.952741
6215 0.953913
6220 0.954935
6225 0.955775
6230 0.956438
6235 0.95687
6240 0.957107
6245 0.957132
6250 0.956922
6255 0.956525
6260 0.955986
6265 0.955306
6270 0.954476
6275 0.95351
6280 0.952424
6285 0.951223
6290 0.949903
6295 0.948379
6300 0.946624
6305 0.944625
6310 0.942316
6315 0.939674
6320 0.936735
6325 0.933458
6330 0.929818
6335 0.925829
6340 0.921519
6345 0.916908
6350 0.912058
6355 0.907053
6360 0.901923
6365 0.896742
6370 0.891553
6375 0.886541
6380 0.881751
6385 0.877215
6390 0.872911
6395 0.868936
6400 0.865338
6405 0.86209
6410 0.859142
6415 0.8565
6420 0.854158
6425 0.852068
6430 0.850178
6435 0.848397
6440 0.846695
6445 0.844994
6450 0.843194
6455 0.841268
6460 0.83914
6465 0.836804
6470 0.834243
6475 0.831463
6480 0.828481
6485 0.825327
6490 0.822057
6495 0.818706
6500 0.8153
6505 0.8119
6510 0.808598
6515 0.805459
6520 0.802519
6525 0.799816
6530 0.797315
6535 0.795057
6540 0.793034
6545 0.791225
6550 0.789636
6555 0.788218
6560 0.786967
6565 0.785806
6570 0.784731
6575 0.783698
6580 0.782683
6585 0.78165
6590 0.78062
6595 0.779589
6600 0.778619
6605 0.777709
6610 0.776894
6615 0.77622
6620 0.775764
6625 0.775584
6630 0.775698
6635 0.776181
6640 0.777071
6645 0.7784
6650 0.780139
6655 0.782302
6660 0.784897
6665 0.787901
6670 0.791258
6675 0.794949
6680 0.798943
6685 0.803222
6690 0.807754
6695 0.812549
6700 0.817644
6705 0.823053
6710 0.828828
6715 0.835045
6720 0.841695
6725 0.848695
6730 0.855959
6735 0.863284
6740 0.87032
6745 0.876363
6750 0.8804
6755 0.881164
6760 0.877075
6765 0.866469
6770 0.847663
6775 0.819402
6780 0.781055
6785 0.732844
6790 0.676291
6795 0.613538
6800 0.547543
6805 0.481272
6810 0.417412
6815 0.358239
6820 0.30484
6825 0.257814
6830 0.217286
6835 0.182786
6840 0.153895
6845 0.129694
6850 0.109528
6855 0.0927902
6860 0.0788876
6865 0.0674022
6870 0.0579587
6875 0.0501457
6880 0.0436171
6885 0.0381055
6890 0.0334398
6895 0.0294772
6900 0.0260931
6905 0.0231895
6910 0.0206872
6915 0.0185043
6920 0.0165988
6925 0.014922
6930 0.0134443
6935 0.0121443
6940 0.0109934
6945 0.00997552
6950 0.00906848
6955 0.00824945
6960 0.00750841
6965 0.00683763
6970 0.00623221
6975 0.0056865
6980 0.0051909
6985 0.00474116
6990 0.0043329
6995 0.00396
7000 0.00348362
7005 0.0025628
7010 0.00135546
7015 0.000278803
