   5.501767E+03    9.999096E-01
   5.505189E+03    1.000036E+00
   5.508616E+03    1.000018E+00
   5.512047E+03    1.000077E+00
   5.515482E+03    9.999619E-01
   5.518922E+03    1.000008E+00
   5.522366E+03    1.000054E+00
   5.525814E+03    9.999384E-01
   5.529266E+03    1.000002E+00
   5.532723E+03    1.000012E+00
   5.536184E+03    1.000027E+00
   5.539650E+03    1.000009E+00
   5.543119E+03    9.999058E-01
   5.546594E+03    1.000086E+00
   5.550072E+03    9.999867E-01
   5.553555E+03    9.999635E-01
   5.557042E+03    1.000019E+00
   5.560534E+03    1.000017E+00
   5.564030E+03    9.999975E-01
   5.567530E+03    9.999803E-01
   5.571035E+03    1.000035E+00
   5.574544E+03    1.000017E+00
   5.578058E+03    9.999766E-01
   5.581576E+03    9.999650E-01
   5.585098E+03    1.000006E+00
   5.588625E+03    1.000118E+00
   5.592157E+03    9.999171E-01
   5.595692E+03    9.999799E-01
   5.599233E+03    9.999893E-01
   5.602778E+03    1.000160E+00
   5.606327E+03    9.997801E-01
   5.609881E+03    1.000020E+00
   5.613439E+03    1.000030E+00
   5.617002E+03    1.000032E+00
   5.620569E+03    9.999620E-01
   5.624141E+03    1.000094E+00
   5.627718E+03    9.999469E-01
   5.631299E+03    9.999974E-01
   5.634884E+03    9.999943E-01
   5.638474E+03    1.000044E+00
   5.642069E+03    9.999291E-01
   5.645668E+03    9.999957E-01
   5.649272E+03    9.999895E-01
   5.652881E+03    1.000025E+00
   5.656494E+03    1.000032E+00
   5.660112E+03    9.999659E-01
   5.663734E+03    1.000011E+00
   5.667361E+03    1.000019E+00
   5.670993E+03    9.999828E-01
   5.674629E+03    9.999874E-01
   5.678270E+03    1.000036E+00
   5.681915E+03    9.999895E-01
   5.685566E+03    9.997628E-01
   5.689221E+03    1.000596E+00
   5.692881E+03    9.996549E-01
   5.696545E+03    9.999573E-01
   5.700214E+03    1.000224E+00
   5.703888E+03    9.998040E-01
   5.707567E+03    9.999822E-01
   5.711250E+03    1.000013E+00
   5.714938E+03    1.000040E+00
   5.718631E+03    1.000190E+00
   5.722329E+03    9.996309E-01
   5.726031E+03    1.000139E+00
   5.729738E+03    9.995676E-01
   5.733450E+03    1.000384E+00
   5.737167E+03    1.000291E+00
   5.740889E+03    9.996833E-01
   5.744616E+03    1.000082E+00
   5.748347E+03    9.999851E-01
   5.752083E+03    9.999985E-01
   5.755824E+03    9.999578E-01
   5.759570E+03    1.000059E+00
   5.763321E+03    9.997785E-01
   5.767077E+03    1.000063E+00
   5.770837E+03    1.000254E+00
   5.774603E+03    9.999227E-01
   5.778373E+03    1.000004E+00
   5.782149E+03    1.000043E+00
   5.785929E+03    9.999049E-01
   5.789714E+03    9.999983E-01
   5.793504E+03    9.999481E-01
   5.797300E+03    1.000038E+00
   5.801100E+03    9.999746E-01
   5.804905E+03    9.999973E-01
   5.808715E+03    9.999636E-01
   5.812530E+03    1.000093E+00
   5.816350E+03    1.000011E+00
   5.820175E+03    9.999662E-01
   5.824006E+03    1.000026E+00
   5.827841E+03    9.999969E-01
   5.831681E+03    9.999949E-01
   5.835526E+03    9.999839E-01
   5.839377E+03    9.999672E-01
   5.843232E+03    1.000117E+00
   5.847093E+03    9.999232E-01
   5.850959E+03    9.999010E-01
   5.854830E+03    9.999879E-01
   5.858706E+03    1.000222E+00
   5.862587E+03    9.999306E-01
   5.866473E+03    9.998913E-01
   5.870364E+03    9.999016E-01
   5.874261E+03    1.000356E+00
   5.878163E+03    9.979345E-01
   5.882069E+03    9.942333E-01
   5.885982E+03    9.915027E-01
   5.889899E+03    9.853895E-01
   5.893822E+03    9.893251E-01
   5.897749E+03    9.923425E-01
   5.901682E+03    9.820295E-01
   5.905621E+03    9.958526E-01
   5.909564E+03    9.944241E-01
   5.913513E+03    9.933954E-01
   5.917467E+03    9.951335E-01
   5.921426E+03    9.840108E-01
   5.925391E+03    9.864579E-01
   5.929361E+03    9.992343E-01
   5.933336E+03    9.957289E-01
   5.937317E+03    9.996711E-01
   5.941303E+03    9.894748E-01
   5.945294E+03    9.873067E-01
   5.949291E+03    9.847570E-01
   5.953293E+03    9.960904E-01
   5.957300E+03    9.971831E-01
   5.961313E+03    9.919169E-01
   5.965332E+03    9.991328E-01
   5.969355E+03    9.899291E-01
   5.973384E+03    9.972644E-01
   5.977419E+03    9.926331E-01
   5.981459E+03    9.968780E-01
   5.985505E+03    9.976215E-01
   5.989556E+03    9.970420E-01
   5.993612E+03    9.962108E-01
   5.997674E+03    9.982278E-01
   6.001741E+03    9.986568E-01
   6.005814E+03    9.987209E-01
   6.009893E+03    1.000058E+00
   6.013977E+03    1.000015E+00
   6.018067E+03    9.999356E-01
   6.022162E+03    9.999662E-01
   6.026263E+03    1.000015E+00
   6.030369E+03    1.000069E+00
   6.034481E+03    9.999320E-01
   6.038598E+03    1.000010E+00
   6.042722E+03    1.000029E+00
   6.046850E+03    9.999716E-01
   6.050985E+03    9.999930E-01
   6.055125E+03    1.000094E+00
   6.059271E+03    1.000010E+00
   6.063422E+03    9.999373E-01
   6.067579E+03    1.000031E+00
   6.071742E+03    9.999598E-01
   6.075911E+03    1.000009E+00
   6.080085E+03    1.000016E+00
   6.084265E+03    9.999480E-01
   6.088451E+03    1.000031E+00
   6.092643E+03    9.999466E-01
   6.096840E+03    1.000057E+00
   6.101043E+03    9.999333E-01
   6.105252E+03    1.000076E+00
   6.109467E+03    9.999191E-01
   6.113687E+03    1.000085E+00
   6.117914E+03    9.999392E-01
   6.122146E+03    1.000038E+00
   6.126384E+03    9.999918E-01
   6.130628E+03    9.999918E-01
   6.134878E+03    9.999949E-01
   6.139134E+03    9.999694E-01
   6.143395E+03    1.000024E+00
   6.147663E+03    1.000039E+00
   6.151936E+03    9.999989E-01
   6.156216E+03    9.999635E-01
   6.160501E+03    1.000071E+00
   6.164793E+03    9.999473E-01
   6.169090E+03    1.000028E+00
   6.173393E+03    9.999571E-01
   6.177703E+03    1.000010E+00
   6.182018E+03    1.000009E+00
   6.186340E+03    1.000008E+00
   6.190667E+03    9.998740E-01
   6.195001E+03    1.000106E+00
   6.199340E+03    9.998893E-01
   6.203686E+03    1.000119E+00
   6.208038E+03    9.999953E-01
   6.212396E+03    9.999679E-01
   6.216760E+03    1.000044E+00
   6.221130E+03    1.000017E+00
   6.225506E+03    1.000000E+00
   6.229888E+03    9.999806E-01
   6.234277E+03    1.000016E+00
   6.238672E+03    9.999327E-01
   6.243073E+03    1.000015E+00
   6.247480E+03    1.000004E+00
   6.251894E+03    1.000003E+00
   6.256313E+03    9.999938E-01
   6.260739E+03    9.997496E-01
   6.265172E+03    9.992623E-01
   6.269610E+03    9.978693E-01
   6.274055E+03    9.968816E-01
   6.278506E+03    9.439369E-01
   6.282963E+03    9.597269E-01
   6.287427E+03    9.854609E-01
   6.291897E+03    9.814646E-01
   6.296374E+03    9.755788E-01
   6.300857E+03    9.832966E-01
   6.305346E+03    9.815334E-01
   6.309841E+03    9.871159E-01
   6.314344E+03    9.893693E-01
   6.318852E+03    9.898732E-01
   6.323367E+03    9.908938E-01
   6.327888E+03    9.941117E-01
   6.332416E+03    9.939851E-01
   6.336950E+03    9.953508E-01
   6.341491E+03    9.957011E-01
   6.346039E+03    9.958661E-01
   6.350593E+03    9.956612E-01
   6.355153E+03    9.972004E-01
   6.359720E+03    9.972004E-01
   6.364293E+03    9.976817E-01
   6.368874E+03    9.979990E-01
   6.373460E+03    9.978969E-01
   6.378054E+03    9.990937E-01
   6.382654E+03    9.992465E-01
   6.387260E+03    9.988732E-01
   6.391873E+03    9.985482E-01
   6.396493E+03    9.998761E-01
   6.401120E+03    9.999840E-01
   6.405753E+03    1.000003E+00
   6.410393E+03    1.000000E+00
   6.415040E+03    9.999862E-01
   6.419693E+03    9.999818E-01
   6.424354E+03    1.000179E+00
   6.429021E+03    9.998130E-01
   6.433694E+03    1.000225E+00
   6.438375E+03    9.998606E-01
   6.443062E+03    9.999120E-01
   6.447757E+03    9.996590E-01
   6.452458E+03    1.000426E+00
   6.457166E+03    9.989250E-01
   6.461880E+03    9.963259E-01
   6.466602E+03    9.961233E-01
   6.471331E+03    9.948009E-01
   6.476066E+03    9.839649E-01
   6.480809E+03    9.911364E-01
   6.485558E+03    9.891597E-01
   6.490315E+03    9.912043E-01
   6.495078E+03    9.949958E-01
   6.499848E+03    9.949261E-01
   6.504626E+03    9.986434E-01
   6.509410E+03    9.990794E-01
   6.514201E+03    9.930833E-01
   6.519000E+03    9.818958E-01
   6.523806E+03    9.963393E-01
   6.528618E+03    1.001448E+00
   6.533438E+03    9.959088E-01
   6.538265E+03    9.990209E-01
   6.543099E+03    9.994489E-01
   6.547940E+03    9.932200E-01
   6.552788E+03    9.928016E-01
   6.557644E+03    9.956697E-01
   6.562507E+03    9.970331E-01
   6.567377E+03    9.961296E-01
   6.572254E+03    9.963241E-01
   6.577138E+03    9.967614E-01
   6.582030E+03    1.000346E+00
   6.586929E+03    9.977843E-01
   6.591835E+03    1.001336E+00
   6.596749E+03    1.000860E+00
   6.601670E+03    9.998034E-01
   6.606598E+03    1.000558E+00
   6.611534E+03    1.000117E+00
   6.616477E+03    9.999235E-01
   6.621427E+03    9.999700E-01
   6.626385E+03    9.999792E-01
   6.631350E+03    1.000067E+00
   6.636323E+03    9.999898E-01
   6.641303E+03    1.000107E+00
   6.646291E+03    9.998471E-01
   6.651286E+03    1.000035E+00
   6.656289E+03    9.999846E-01
   6.661299E+03    9.999446E-01
   6.666317E+03    1.000087E+00
   6.671342E+03    9.999786E-01
   6.676375E+03    9.999800E-01
   6.681415E+03    1.000007E+00
   6.686463E+03    1.000012E+00
   6.691519E+03    9.999894E-01
   6.696582E+03    1.000052E+00
   6.701654E+03    9.999810E-01
   6.706732E+03    9.999783E-01
   6.711819E+03    9.999754E-01
   6.716913E+03    1.000083E+00
   6.722015E+03    9.999180E-01
   6.727124E+03    1.000019E+00
   6.732242E+03    1.000001E+00
   6.737367E+03    1.000023E+00
   6.742500E+03    1.000002E+00
   6.747641E+03    9.999793E-01
   6.752790E+03    1.000016E+00
   6.757946E+03    9.999701E-01
   6.763111E+03    1.000018E+00
   6.768283E+03    1.000021E+00
   6.773463E+03    9.999867E-01
   6.778652E+03    9.999950E-01
   6.783848E+03    1.000008E+00
   6.789052E+03    9.999971E-01
   6.794264E+03    9.999957E-01
   6.799484E+03    9.999837E-01
   6.804712E+03    1.000022E+00
   6.809949E+03    1.000023E+00
   6.815193E+03    9.999356E-01
   6.820445E+03    9.999820E-01
   6.825706E+03    1.000078E+00
   6.830974E+03    9.999488E-01
   6.836251E+03    1.000020E+00
   6.841536E+03    1.000021E+00
   6.846829E+03    1.000079E+00
   6.852130E+03    9.999694E-01
   6.857440E+03    9.998410E-01
   6.862757E+03    9.997313E-01
   6.868083E+03    8.547781E-01
   6.873418E+03    6.837914E-01
   6.878760E+03    8.095402E-01
   6.884111E+03    9.468108E-01
   6.889470E+03    8.394453E-01
   6.894838E+03    9.034720E-01
   6.900213E+03    8.455530E-01
   6.905598E+03    9.226597E-01
   6.910990E+03    9.391886E-01
   6.916392E+03    9.495046E-01
   6.921801E+03    9.591270E-01
   6.927219E+03    9.621616E-01
   6.932646E+03    9.625086E-01
   6.938081E+03    9.676139E-01
   6.943524E+03    9.495788E-01
   6.948976E+03    9.723153E-01
   6.954437E+03    9.847377E-01
   6.959906E+03    9.692567E-01
   6.965384E+03    9.836011E-01
   6.970871E+03    9.968987E-01
   6.976366E+03    9.988629E-01
   6.981870E+03    9.920867E-01
   6.987382E+03    9.863854E-01
   6.992903E+03    9.747394E-01
   6.998433E+03    9.790923E-01
   7.003972E+03    9.876214E-01
   7.009520E+03    9.845984E-01
   7.015076E+03    9.869925E-01
   7.020641E+03    9.808790E-01
   7.026215E+03    9.823047E-01
   7.031798E+03    9.860166E-01
   7.037389E+03    9.934680E-01
   7.042990E+03    9.876000E-01
   7.048599E+03    9.959310E-01
   7.054218E+03    9.861915E-01
   7.059845E+03    9.922851E-01
   7.065482E+03    9.917871E-01
   7.071127E+03    9.974640E-01
   7.076781E+03    9.963193E-01
   7.082445E+03    9.927443E-01
   7.088117E+03    9.965407E-01
   7.093799E+03    9.982848E-01
   7.099490E+03    9.965324E-01
   7.105190E+03    9.974903E-01
   7.110899E+03    9.965811E-01
   7.116617E+03    9.993422E-01
   7.122344E+03    9.969725E-01
   7.128081E+03    9.978924E-01
   7.133827E+03    9.959824E-01
   7.139582E+03    9.965505E-01
   7.145347E+03    9.958921E-01
   7.151120E+03    9.885838E-01
   7.156904E+03    9.939066E-01
   7.162696E+03    9.891361E-01
   7.168498E+03    9.508862E-01
   7.174309E+03    9.097241E-01
   7.180130E+03    9.204181E-01
   7.185960E+03    8.560666E-01
   7.191800E+03    8.798719E-01
   7.197649E+03    8.936583E-01
   7.203508E+03    8.762905E-01
   7.209376E+03    9.315701E-01
   7.215253E+03    9.862517E-01
   7.221141E+03    9.775873E-01
   7.227038E+03    9.554420E-01
   7.232944E+03    9.437030E-01
   7.238861E+03    9.155619E-01
   7.244787E+03    8.800464E-01
   7.250722E+03    9.582618E-01
   7.256668E+03    9.017067E-01
   7.262623E+03    9.450169E-01
   7.268588E+03    9.310742E-01
   7.274563E+03    9.217769E-01
   7.280547E+03    9.114331E-01
   7.286542E+03    9.661289E-01
   7.292546E+03    9.122017E-01
   7.298560E+03    9.683310E-01
   7.304584E+03    9.173484E-01
   7.310619E+03    9.520410E-01
   7.316663E+03    9.557263E-01
   7.322717E+03    9.675614E-01
   7.328781E+03    9.793450E-01
   7.334855E+03    9.687058E-01
   7.340939E+03    9.958155E-01
   7.347034E+03    9.862705E-01
   7.353138E+03    9.822871E-01
   7.359253E+03    9.888280E-01
   7.365377E+03    9.786718E-01
   7.371513E+03    9.844012E-01
   7.377658E+03    9.929597E-01
   7.383813E+03    9.883596E-01
   7.389979E+03    9.952972E-01
   7.396155E+03    9.885559E-01
   7.402341E+03    9.978481E-01
   7.408538E+03    9.974120E-01
   7.414745E+03    9.958196E-01
   7.420963E+03    9.984796E-01
   7.427191E+03    9.969404E-01
   7.433429E+03    1.000050E+00
   7.439678E+03    9.988580E-01
   7.445938E+03    9.995798E-01
   7.452208E+03    1.000018E+00
   7.458488E+03    9.999690E-01
   7.464780E+03    1.000010E+00
   7.471081E+03    1.000019E+00
   7.477394E+03    1.000003E+00
   7.483717E+03    9.999243E-01
   7.490051E+03    1.000047E+00
   7.496395E+03    9.999969E-01
   7.502751E+03    1.000024E+00
   7.509117E+03    9.999927E-01
   7.515494E+03    1.000009E+00
   7.521881E+03    1.000008E+00
   7.528280E+03    9.999530E-01
   7.534689E+03    1.000055E+00
   7.541110E+03    9.999358E-01
   7.547541E+03    1.000042E+00
   7.553984E+03    9.999625E-01
   7.560437E+03    1.000021E+00
   7.566901E+03    9.998510E-01
   7.573377E+03    9.996651E-01
   7.579863E+03    9.989312E-01
   7.586361E+03    9.982642E-01
   7.592870E+03    9.508552E-01
   7.599390E+03    3.828217E-01
   7.605921E+03    2.468705E-01
   7.612464E+03    3.257235E-01
   7.619017E+03    7.524179E-01
   7.625582E+03    5.708264E-01
   7.632159E+03    4.441388E-01
   7.638746E+03    5.585570E-01
   7.645345E+03    5.878047E-01
   7.651956E+03    7.597346E-01
   7.658578E+03    7.550908E-01
   7.665211E+03    8.220435E-01
   7.671856E+03    9.192748E-01
   7.678513E+03    9.463609E-01
   7.685181E+03    9.651967E-01
   7.691860E+03    9.768695E-01
   7.698551E+03    9.863292E-01
   7.705254E+03    9.938811E-01
   7.711969E+03    9.982805E-01
   7.718695E+03    9.990797E-01
   7.725433E+03    9.985320E-01
   7.732183E+03    9.997835E-01
   7.738944E+03    9.993225E-01
   7.745718E+03    1.000157E+00
   7.752503E+03    1.000536E+00
   7.759300E+03    1.000019E+00
   7.766109E+03    1.000231E+00
   7.772930E+03    9.999789E-01
   7.779763E+03    1.000190E+00
   7.786608E+03    9.999835E-01
   7.793466E+03    1.000035E+00
   7.800335E+03    1.000021E+00
   7.807216E+03    9.999619E-01
   7.814110E+03    1.000009E+00
   7.821015E+03    1.000003E+00
   7.827933E+03    9.999819E-01
   7.834863E+03    1.000080E+00
   7.841806E+03    9.999316E-01
   7.848760E+03    1.000722E+00
   7.855728E+03    1.000883E+00
   7.862707E+03    1.000754E+00
   7.869699E+03    9.958154E-01
   7.876703E+03    9.960402E-01
   7.883720E+03    9.976725E-01
   7.890749E+03    9.912281E-01
   7.897791E+03    9.881852E-01
   7.904846E+03    9.906875E-01
   7.911913E+03    9.901252E-01
   7.918992E+03    9.956847E-01
   7.926085E+03    9.915032E-01
   7.933190E+03    9.919289E-01
   7.940308E+03    1.002083E+00
   7.947438E+03    9.991020E-01
   7.954582E+03    9.981245E-01
   7.961738E+03    9.797337E-01
   7.968907E+03    9.917566E-01
   7.976089E+03    9.947885E-01
   7.983285E+03    9.940587E-01
   7.990493E+03    9.964439E-01
   7.997714E+03    9.945417E-01
   8.004948E+03    9.924017E-01
   8.012195E+03    9.836919E-01
   8.019455E+03    9.943972E-01
   8.026729E+03    9.900748E-01
   8.034016E+03    9.905377E-01
   8.041316E+03    9.938971E-01
   8.048629E+03    9.918138E-01
   8.055956E+03    9.987257E-01
   8.063296E+03    9.968330E-01
   8.070649E+03    9.963234E-01
   8.078016E+03    9.983541E-01
   8.085396E+03    9.934515E-01
   8.092790E+03    9.950642E-01
   8.100197E+03    9.889003E-01
   8.107618E+03    9.882361E-01
   8.115052E+03    9.810674E-01
   8.122500E+03    9.760405E-01
   8.129962E+03    9.666566E-01
   8.137438E+03    9.388897E-01
   8.144927E+03    9.300405E-01
   8.152430E+03    9.042991E-01
   8.159947E+03    9.106951E-01
   8.167478E+03    8.584045E-01
   8.175022E+03    9.323088E-01
   8.182581E+03    8.579157E-01
   8.190153E+03    9.235196E-01
   8.197740E+03    9.081531E-01
   8.205341E+03    9.653630E-01
   8.212956E+03    9.735621E-01
   8.220585E+03    9.595308E-01
   8.228228E+03    8.164050E-01
   8.235885E+03    8.822038E-01
   8.243557E+03    9.501147E-01
   8.251243E+03    9.873840E-01
   8.258943E+03    9.400347E-01
   8.266658E+03    9.831967E-01
   8.274387E+03    9.399550E-01
   8.282130E+03    9.156755E-01
   8.289888E+03    9.405795E-01
   8.297661E+03    9.565623E-01
   8.305448E+03    9.335578E-01
   8.313250E+03    9.782386E-01
   8.321067E+03    9.200662E-01
   8.328898E+03    9.774586E-01
   8.336744E+03    9.773183E-01
   8.344605E+03    9.683727E-01
   8.352480E+03    9.800719E-01
   8.360371E+03    9.789232E-01
   8.368276E+03    9.814436E-01
   8.376197E+03    9.819988E-01
   8.384132E+03    9.904182E-01
   8.392082E+03    9.944183E-01
   8.400048E+03    9.908591E-01
   8.408029E+03    9.877950E-01
   8.416024E+03    9.933045E-01
   8.424036E+03    9.954594E-01
   8.432062E+03    9.945717E-01
   8.440104E+03    9.920542E-01
   8.448161E+03    9.961838E-01
   8.456233E+03    9.973095E-01
   8.464321E+03    9.959053E-01
   8.472424E+03    9.965245E-01
   8.480543E+03    9.956665E-01
   8.488677E+03    9.961879E-01
   8.496827E+03    9.936923E-01
   8.504993E+03    9.934019E-01
   8.513175E+03    9.934019E-01
   8.521372E+03    9.953499E-01
   8.529585E+03    9.975087E-01
   8.537814E+03    9.965008E-01
   8.546058E+03    9.901714E-01
   8.554319E+03    9.961120E-01
   8.562596E+03    9.971495E-01
   8.570888E+03    9.973875E-01
   8.579197E+03    9.974692E-01
   8.587522E+03    9.978895E-01
   8.595863E+03    9.977749E-01
   8.604220E+03    9.981621E-01
   8.612594E+03    9.970357E-01
   8.620984E+03    9.980515E-01
   8.629390E+03    9.983106E-01
   8.637812E+03    9.983003E-01
   8.646252E+03    9.983907E-01
   8.654707E+03    9.982725E-01
   8.663179E+03    9.915711E-01
   8.671668E+03    9.977101E-01
   8.680173E+03    9.975107E-01
   8.688696E+03    9.956652E-01
   8.697234E+03    9.986558E-01
   8.705790E+03    9.986106E-01
   8.714363E+03    9.982123E-01
   8.722952E+03    9.985898E-01
   8.731558E+03    9.985466E-01
   8.740182E+03    9.977039E-01
   8.748822E+03    9.984157E-01
   8.757480E+03    9.974812E-01
   8.766154E+03    9.982571E-01
   8.774846E+03    9.984574E-01
   8.783555E+03    9.981093E-01
   8.792282E+03    9.975648E-01
   8.801025E+03    9.978529E-01
   8.809786E+03    9.947624E-01
   8.818565E+03    9.971958E-01
   8.827361E+03    9.961700E-01
   8.836175E+03    9.970204E-01
   8.845006E+03    9.976069E-01
   8.853855E+03    9.976744E-01
   8.862722E+03    9.946458E-01
   8.871606E+03    9.958256E-01
   8.880509E+03    9.930549E-01
   8.889429E+03    9.983901E-01
   8.898367E+03    9.959878E-01
   8.907323E+03    9.957383E-01
   8.916298E+03    9.935970E-01
   8.925290E+03    9.948340E-01
   8.934300E+03    9.698491E-01
   8.943329E+03    9.799238E-01
   8.952376E+03    9.361332E-01
   8.961441E+03    9.044054E-01
   8.970525E+03    8.828578E-01
   8.979627E+03    8.921145E-01
   8.988747E+03    8.351252E-01
   8.997886E+03    8.962894E-01
   9.007044E+03    8.143768E-01
   9.016221E+03    8.635824E-01
   9.025416E+03    8.867781E-01
   9.034629E+03    9.566694E-01
   9.043862E+03    9.608623E-01
   9.053114E+03    9.524936E-01
   9.062384E+03    9.302180E-01
   9.071674E+03    8.828667E-01
   9.080982E+03    8.693309E-01
   9.090310E+03    8.923892E-01
   9.099657E+03    8.618399E-01
   9.109023E+03    8.948262E-01
   9.118408E+03    8.942563E-01
   9.127813E+03    9.259046E-01
   9.137237E+03    8.078576E-01
   9.146681E+03    9.523915E-01
   9.156144E+03    8.042108E-01
   9.165627E+03    9.395390E-01
   9.175130E+03    8.258074E-01
   9.184652E+03    9.151764E-01
   9.194194E+03    9.232960E-01
   9.203756E+03    9.850086E-01
   9.213338E+03    9.414190E-01
   9.222939E+03    9.427602E-01
   9.232561E+03    9.625358E-01
   9.242203E+03    9.378185E-01
   9.251865E+03    9.345318E-01
   9.261547E+03    9.432735E-01
   9.271250E+03    9.584262E-01
   9.280973E+03    8.778665E-01
   9.290716E+03    8.486766E-01
   9.300480E+03    7.458692E-01
   9.310264E+03    7.207216E-01
   9.320069E+03    6.309605E-01
   9.329895E+03    5.638537E-01
   9.339741E+03    5.041193E-01
   9.349608E+03    5.250109E-01
   9.359496E+03    4.573845E-01
   9.369405E+03    5.258089E-01
   9.379335E+03    5.408641E-01
   9.389286E+03    7.250360E-01
   9.399258E+03    7.961289E-01
   9.409252E+03    7.162543E-01
   9.419266E+03    7.783401E-01
   9.429302E+03    5.619345E-01
   9.439360E+03    6.529912E-01
   9.449439E+03    6.946294E-01
   9.459539E+03    5.351094E-01
   9.469661E+03    7.281071E-01
   9.479805E+03    6.037686E-01
   9.489970E+03    8.283326E-01
   9.500158E+03    4.550420E-01
   9.510367E+03    8.708463E-01
   9.520598E+03    5.924043E-01
   9.530851E+03    7.314772E-01
   9.541126E+03    7.660411E-01
   9.551424E+03    6.809976E-01
   9.561744E+03    6.952992E-01
   9.572086E+03    7.267243E-01
   9.582450E+03    7.814075E-01
   9.592837E+03    6.538162E-01
   9.603247E+03    7.864098E-01
   9.613679E+03    8.087889E-01
   9.624133E+03    7.379183E-01
   9.634611E+03    8.742943E-01
   9.645111E+03    7.651749E-01
   9.655635E+03    8.812951E-01
   9.666181E+03    8.150769E-01
   9.676750E+03    9.395175E-01
   9.687343E+03    9.157046E-01
   9.697959E+03    9.527034E-01
   9.708597E+03    9.432251E-01
   9.719260E+03    9.510362E-01
   9.729946E+03    9.190545E-01
   9.740655E+03    8.931906E-01
   9.751388E+03    8.836449E-01
   9.762145E+03    8.830122E-01
   9.772925E+03    9.534112E-01
   9.783729E+03    9.272449E-01
   9.794557E+03    9.187970E-01
   9.805409E+03    9.361275E-01
   9.816285E+03    9.680971E-01
   9.827186E+03    9.572724E-01
   9.838110E+03    9.769175E-01
   9.849059E+03    9.621678E-01
   9.860033E+03    9.930342E-01
   9.871030E+03    9.837463E-01
   9.882053E+03    9.916246E-01
   9.893100E+03    9.945419E-01
   9.904171E+03    9.902622E-01
   9.915268E+03    9.950757E-01
   9.926389E+03    9.910632E-01
   9.937536E+03    9.969457E-01
   9.948707E+03    9.971213E-01
   9.959904E+03    9.975924E-01
   9.971125E+03    9.973446E-01
   9.982373E+03    9.969321E-01
   9.993645E+03    9.967405E-01
   1.000494E+04    9.972789E-01
   1.001627E+04    9.923695E-01
   1.002762E+04    9.962748E-01
   1.003899E+04    9.955285E-01
   1.005039E+04    9.970233E-01
   1.006182E+04    9.969932E-01
   1.007327E+04    9.976257E-01
   1.008475E+04    9.946388E-01
   1.009626E+04    9.934276E-01
   1.010779E+04    9.970543E-01
   1.011934E+04    9.964010E-01
   1.013093E+04    9.978422E-01
   1.014254E+04    9.972057E-01
   1.015418E+04    9.971981E-01
   1.016584E+04    9.977060E-01
   1.017753E+04    9.976024E-01
   1.018925E+04    9.953924E-01
   1.020099E+04    9.978886E-01
   1.021277E+04    9.969585E-01
   1.022457E+04    9.973271E-01
   1.023639E+04    9.948737E-01
   1.024825E+04    9.981421E-01
   1.026013E+04    9.976709E-01
   1.027204E+04    9.966638E-01
   1.028397E+04    9.977492E-01
   1.029594E+04    9.976495E-01
   1.030793E+04    9.983112E-01
   1.031995E+04    9.983278E-01
   1.033200E+04    9.980348E-01
   1.034407E+04    9.982805E-01
   1.035618E+04    9.981449E-01
   1.036831E+04    9.977467E-01
   1.038047E+04    9.973346E-01
   1.039266E+04    9.982254E-01
   1.040488E+04    9.977850E-01
   1.041713E+04    9.985230E-01
   1.042941E+04    9.981227E-01
   1.044171E+04    9.984180E-01
   1.045405E+04    9.984504E-01
   1.046641E+04    9.977949E-01
   1.047880E+04    9.981756E-01
   1.049123E+04    9.975679E-01
   1.050368E+04    9.975441E-01
   1.051616E+04    9.978507E-01
   1.052867E+04    9.976125E-01
   1.054121E+04    9.979973E-01
   1.055378E+04    9.976771E-01
   1.056638E+04    9.981822E-01
   1.057901E+04    9.974730E-01
   1.059167E+04    9.970452E-01
   1.060437E+04    9.976309E-01
   1.061709E+04    9.976040E-01
   1.062984E+04    9.966190E-01
   1.064262E+04    9.970358E-01
   1.065544E+04    9.964874E-01
   1.066828E+04    9.960075E-01
   1.068116E+04    9.944452E-01
   1.069406E+04    9.944350E-01
   1.070700E+04    9.956261E-01
   1.071997E+04    9.937171E-01
   1.073297E+04    9.958258E-01
   1.074601E+04    9.881063E-01
   1.075907E+04    9.953543E-01
   1.077217E+04    9.852856E-01
   1.078529E+04    9.942535E-01
   1.079845E+04    9.838243E-01
   1.081165E+04    9.851976E-01
   1.082487E+04    9.934792E-01
   1.083813E+04    9.780555E-01
   1.085142E+04    9.891894E-01
   1.086474E+04    9.589598E-01
   1.087809E+04    9.899403E-01
   1.089148E+04    9.762931E-01
   1.090490E+04    9.706392E-01
   1.091836E+04    9.931283E-01
   1.093184E+04    9.452039E-01
   1.094536E+04    9.685783E-01
   1.095892E+04    9.547115E-01
   1.097250E+04    9.701304E-01
   1.098613E+04    9.552096E-01
   1.099978E+04    9.237755E-01
