@MEASUREMENT_RADIUS 2.3 cm
# lambda : Angstroms 
# tr : transmission ([0,1]) 
# end
3280 0
3285 0.00202374
3290 0.00427227
3295 0.00562507
3300 0.00754922
3305 0.010317
3310 0.0143771
3315 0.0203047
3320 0.0289883
3325 0.0417104
3330 0.0598123
3335 0.0855753
3340 0.121117
3345 0.167093
3350 0.224245
3355 0.290727
3360 0.362702
3365 0.436229
3370 0.502696
3375 0.556685
3380 0.596172
3385 0.621147
3390 0.634095
3395 0.639087
3400 0.636458
3405 0.627486
3410 0.614511
3415 0.601674
3420 0.592306
3425 0.584951
3430 0.577719
3435 0.570521
3440 0.566776
3445 0.573455
3450 0.595919
3455 0.633768
3460 0.679144
3465 0.720838
3470 0.747564
3475 0.753621
3480 0.7406
3485 0.710964
3490 0.679095
3495 0.673632
3500 0.687906
3505 0.714403
3510 0.744943
3515 0.771221
3520 0.787948
3525 0.79532
3530 0.797511
3535 0.798935
3540 0.801362
3545 0.804764
3550 0.806408
3555 0.803555
3560 0.795054
3565 0.780819
3570 0.759425
3575 0.728943
3580 0.689538
3585 0.646264
3590 0.607539
3595 0.584388
3600 0.584702
3605 0.607821
3610 0.644968
3615 0.684897
3620 0.718343
3625 0.742097
3630 0.758986
3635 0.771674
3640 0.78066
3645 0.783076
3650 0.77603
3655 0.760329
3660 0.741373
3665 0.725943
3670 0.7156
3675 0.705536
3680 0.685841
3685 0.648504
3690 0.595345
3695 0.538335
3700 0.494107
3705 0.476272
3710 0.486162
3715 0.513204
3720 0.54151
3725 0.559017
3730 0.563156
3735 0.560029
3740 0.555386
3745 0.549886
3750 0.538929
3755 0.519566
3760 0.496397
3765 0.481444
3770 0.486744
3775 0.515554
3780 0.558864
3785 0.600108
3790 0.625885
3795 0.633099
3800 0.63131
3805 0.634511
3810 0.652055
3815 0.684796
3820 0.724264
3825 0.759478
3830 0.785003
3835 0.800987
3840 0.81042
3845 0.815904
3850 0.817719
3855 0.814887
3860 0.808164
3865 0.799373
3870 0.788231
3875 0.772799
3880 0.750929
3885 0.722691
3890 0.69266
3895 0.66843
3900 0.656812
3905 0.660214
3910 0.674688
3915 0.692311
3920 0.705238
3925 0.709718
3930 0.707181
3935 0.702909
3940 0.702456
3945 0.708761
3950 0.720942
3955 0.735122
3960 0.747218
3965 0.754693
3970 0.756609
3975 0.753421
3980 0.746773
3985 0.73861
3990 0.730665
3995 0.72435
4000 0.72018
4005 0.717228
4010 0.713654
4015 0.707515
4020 0.698047
4025 0.687104
4030 0.677863
4035 0.673849
4040 0.677831
4045 0.689535
4050 0.705108
4055 0.718779
4060 0.725335
4065 0.722164
4070 0.709572
4075 0.690293
4080 0.667416
4085 0.642375
4090 0.615244
4095 0.584076
4100 0.547272
4105 0.504615
4110 0.456582
4115 0.406103
4120 0.35627
4125 0.309043
4130 0.266115
4135 0.227783
4140 0.19426
4145 0.165621
4150 0.140949
4155 0.119991
4160 0.10245
4165 0.0876675
4170 0.0752847
4175 0.0648028
4180 0.0558724
4185 0.0483478
4190 0.0419143
4195 0.0364072
4200 0.0316983
4205 0.0276148
4210 0.024108
4215 0.0210847
4220 0.0184607
4225 0.0161928
4230 0.0142113
4235 0.012493
4240 0.0110079
4245 0.00970868
4250 0.00858787
4255 0.00761926
4260 0.00677865
4265 0.00605822
4270 0.00543608
4275 0.00491009
4280 0.00447024
4285 0.00409637
4290 0.00377463
4295 0.00349658
4300 0.00326708
4305 0.00315027
4310 0.003135
4315 0.00313484
4320 0.00313468
4325 0.00313452
4330 0.00313437
4335 0.00313421
4340 0.00313405
4345 0.00313389
4350 0.00313373
4355 0.00313357
4360 0.00313341
4365 0.00313325
4370 0.00313309
4375 0.00313293
4380 0.00313277
4385 0.00313262
4390 0.00313246
4395 0.0031323
4400 0.00313214
4405 0.00313198
4410 0.00313182
4415 0.00313166
4420 0.0031315
4425 0.00313134
4430 0.00313118
4435 0.00313103
4440 0.00313087
4445 0.00313071
4450 0.00313055
4455 0.00313039
4460 0.00313023
4465 0.00313007
4470 0.00312991
4475 0.00312975
4480 0.00312959
4485 0.00312943
4490 0.00312928
4495 0.00312912
4500 0.00312896
4505 0.0031288
4510 0.00312864
4515 0.00312848
4520 0.00312832
4525 0.00312816
4530 0.003128
4535 0.00312784
4540 0.00312769
4545 0.00312753
4550 0.00312737
4555 0.00312721
4560 0.00312705
4565 0.00312689
4570 0.00312673
4575 0.00312657
4580 0.00312641
4585 0.00312625
4590 0.00312609
4595 0.00312594
4600 0.00312578
4605 0.00312562
4610 0.00312546
4615 0.0031253
4620 0.00312514
4625 0.00312498
4630 0.00312482
4635 0.00312466
4640 0.0031245
4645 0.00312435
4650 0.00312419
4655 0.00312403
4660 0.00312387
4665 0.00312371
4670 0.00312355
4675 0.00312339
4680 0.00312323
4685 0.00312307
4690 0.00312291
4695 0.00312275
4700 0.0031226
4705 0.00312244
4710 0.00312228
4715 0.00312212
4720 0.00312196
4725 0.0031218
4730 0.00312164
4735 0.00312148
4740 0.00312132
4745 0.00312116
4750 0.00312101
4755 0.00312085
4760 0.00312069
4765 0.00312053
4770 0.00312037
4775 0.00312021
4780 0.00312005
4785 0.00311989
4790 0.00311973
4795 0.00311957
4800 0.00311942
4805 0.00311926
4810 0.0031191
4815 0.00311894
4820 0.00311878
4825 0.00311862
4830 0.00311846
4835 0.0031183
4840 0.00311814
4845 0.00311798
4850 0.00311782
4855 0.00311767
4860 0.00311751
4865 0.00311735
4870 0.00311719
4875 0.00311703
4880 0.00311687
4885 0.00311671
4890 0.00311655
4895 0.00311639
4900 0.00311623
4905 0.00311608
4910 0.00311592
4915 0.00311576
4920 0.0031156
4925 0.00311544
4930 0.00311528
4935 0.00311512
4940 0.00311496
4945 0.0031148
4950 0.00311464
4955 0.00311448
4960 0.00311433
4965 0.00311417
4970 0.00311401
4975 0.00311385
4980 0.00311369
4985 0.00311353
4990 0.00311337
4995 0.00311321
5000 0.00311305
5005 0.00311289
5010 0.00311274
5015 0.00311258
5020 0.00311242
5025 0.00311226
5030 0.0031121
5035 0.00311194
5040 0.00311178
5045 0.00311162
5050 0.00311146
5055 0.0031113
5060 0.00311114
5065 0.00311099
5070 0.00311083
5075 0.00311067
5080 0.0031238
5085 0.00316771
5090 0.00320514
5095 0.00319107
5100 0.0031665
5105 0.00316351
5110 0.00316342
5115 0.00316333
5120 0.00316325
5125 0.00316316
5130 0.00316307
5135 0.00316298
5140 0.00316289
5145 0.00316281
5150 0.00316272
5155 0.00316263
5160 0.00316254
5165 0.00316245
5170 0.00316237
5175 0.00316228
5180 0.00316219
5185 0.0031621
5190 0.00316202
5195 0.00316193
5200 0.00316184
5205 0.00316175
5210 0.00316166
5215 0.00316158
5220 0.00316149
5225 0.0031614
5230 0.00316131
5235 0.00316122
5240 0.00316114
5245 0.00316105
5250 0.00316096
5255 0.00316087
5260 0.00316078
5265 0.0031607
5270 0.00316061
5275 0.00316052
5280 0.00316043
5285 0.00316034
5290 0.00316026
5295 0.00316017
5300 0.00316008
5305 0.00315999
5310 0.0031599
5315 0.00315982
5320 0.00315973
5325 0.00315964
5330 0.00315955
5335 0.00315946
5340 0.00315938
5345 0.00315929
5350 0.0031592
5355 0.00315911
5360 0.00315902
5365 0.00315894
5370 0.00315885
5375 0.00315876
5380 0.00315867
5385 0.00315858
5390 0.0031585
5395 0.00315841
5400 0.00315832
5405 0.00315823
5410 0.00315814
5415 0.00315806
5420 0.00315797
5425 0.00315788
5430 0.00315779
5435 0.0031577
5440 0.00315762
5445 0.00315753
5450 0.00315744
5455 0.00315735
5460 0.00315727
5465 0.00315718
5470 0.00315709
5475 0.003157
5480 0.00315691
5485 0.00315683
5490 0.00315674
5495 0.00315665
5500 0.00315656
5505 0.00315647
5510 0.00315639
5515 0.0031563
5520 0.00315621
5525 0.00315612
5530 0.00315603
5535 0.00315595
5540 0.00315586
5545 0.00315577
5550 0.00315568
5555 0.00315559
5560 0.00315551
5565 0.00315542
5570 0.00315533
5575 0.00315524
5580 0.00315515
5585 0.00315507
5590 0.00315498
5595 0.00315489
5600 0.0031548
5605 0.00315471
5610 0.00315463
5615 0.00315454
5620 0.00315445
5625 0.00315436
5630 0.00315427
5635 0.00315419
5640 0.0031541
5645 0.00315401
5650 0.00315392
5655 0.00315383
5660 0.00315375
5665 0.00315366
5670 0.00315357
5675 0.00315348
5680 0.00315339
5685 0.00315331
5690 0.00315322
5695 0.00315313
5700 0.00315304
5705 0.00315295
5710 0.00315287
5715 0.00315278
5720 0.00315269
5725 0.0031526
5730 0.00315252
5735 0.00315243
5740 0.00315234
5745 0.00315225
5750 0.00315216
5755 0.00315208
5760 0.00315199
5765 0.0031519
5770 0.00315181
5775 0.00315172
5780 0.00315164
5785 0.00315155
5790 0.00315146
5795 0.00315137
5800 0.00315128
5805 0.0031512
5810 0.00315111
5815 0.00315102
5820 0.00315093
5825 0.00315084
5830 0.00315076
5835 0.00315067
5840 0.00315058
5845 0.00315049
5850 0.0031504
5855 0.00315032
5860 0.00315023
5865 0.00315014
5870 0.00315005
5875 0.00314996
5880 0.00314988
5885 0.00314979
5890 0.0031497
5895 0.00314961
5900 0.00314952
5905 0.00314944
5910 0.00314935
5915 0.00314926
5920 0.00314917
5925 0.00314908
5930 0.003149
5935 0.00314891
5940 0.00314882
5945 0.00314873
5950 0.00314864
5955 0.00314856
5960 0.00314847
5965 0.00314838
5970 0.00314829
5975 0.0031482
5980 0.00314812
5985 0.00314803
5990 0.00314794
5995 0.00314785
6000 0.00314777
6005 0.00314768
6010 0.00314759
6015 0.0031475
6020 0.00314741
6025 0.00314733
6030 0.00314724
6035 0.00314715
6040 0.00314706
6045 0.00314697
6050 0.00314689
6055 0.0031468
6060 0.00314671
6065 0.00314662
6070 0.00314653
6075 0.00314645
6080 0.00314636
6085 0.00314627
6090 0.00314618
6095 0.00314609
6100 0.00314601
6105 0.00314592
6110 0.00314583
6115 0.00314574
6120 0.00314565
6125 0.00314557
6130 0.00314548
6135 0.00314539
6140 0.0031453
6145 0.00314521
6150 0.00314513
6155 0.00314504
6160 0.00314495
6165 0.00314486
6170 0.00314477
6175 0.00314469
6180 0.0031446
6185 0.00314451
6190 0.00314442
6195 0.00314433
6200 0.00314425
6205 0.00314416
6210 0.00314407
6215 0.00314398
6220 0.00314389
6225 0.00314381
6230 0.00314372
6235 0.00314363
6240 0.00314354
6245 0.00314345
6250 0.00314337
6255 0.00314328
6260 0.00314319
6265 0.0031431
6270 0.00314302
6275 0.00314293
6280 0.00314284
6285 0.00314275
6290 0.00314266
6295 0.00314258
6300 0.00314249
6305 0.0031424
6310 0.00314231
6315 0.00314222
6320 0.00314214
6325 0.00314205
6330 0.00314196
6335 0.00314187
6340 0.00314178
6345 0.0031417
6350 0.00314161
6355 0.00314152
6360 0.00314143
6365 0.00314134
6370 0.00314126
6375 0.00314117
6380 0.00314108
6385 0.00314099
6390 0.0031409
6395 0.00314082
6400 0.00314073
6405 0.00314064
6410 0.00314055
6415 0.00314046
6420 0.00314038
6425 0.00314029
6430 0.0031402
6435 0.00314011
6440 0.00314002
6445 0.00313994
6450 0.00313985
6455 0.00313976
6460 0.00313967
6465 0.00313958
6470 0.0031395
6475 0.00313941
6480 0.00313932
6485 0.00313923
6490 0.00313914
6495 0.00313906
6500 0.00313897
6505 0.00313888
6510 0.00313879
6515 0.0031387
6520 0.00313862
6525 0.00313853
6530 0.00313844
6535 0.00313835
6540 0.00313827
6545 0.00313818
6550 0.00313809
6555 0.003138
6560 0.00313791
6565 0.00313783
6570 0.00313774
6575 0.00313765
6580 0.00313756
6585 0.00313747
6590 0.00313739
6595 0.0031373
6600 0.00313721
6605 0.00313712
6610 0.00313703
6615 0.00313695
6620 0.00313686
6625 0.00313677
6630 0.00313668
6635 0.00313659
6640 0.00313651
6645 0.00313642
6650 0.00313633
6655 0.00313624
6660 0.00313615
6665 0.00313607
6670 0.00313598
6675 0.00313589
6680 0.0031358
6685 0.00313571
6690 0.00313563
6695 0.00313554
6700 0.00313545
6705 0.00313536
6710 0.00313527
6715 0.00313519
6720 0.0031351
6725 0.00313501
6730 0.00313492
6735 0.00313483
6740 0.00313475
6745 0.00313466
6750 0.00313457
6755 0.00313448
6760 0.00313439
6765 0.00313431
6770 0.00313422
6775 0.00313413
6780 0.00313404
6785 0.00313395
6790 0.00313387
6795 0.00313378
6800 0.00313369
6805 0.0031336
6810 0.00313352
6815 0.00313343
6820 0.00313334
6825 0.00313325
6830 0.00313316
6835 0.00313308
6840 0.00313299
6845 0.0031329
6850 0.00313281
6855 0.00313272
6860 0.00313264
6865 0.00313255
6870 0.00313246
6875 0.00313237
6880 0.00313228
6885 0.0031322
6890 0.00313211
6895 0.00313202
6900 0.00313193
6905 0.00313184
6910 0.00313176
6915 0.00313167
6920 0.00313158
6925 0.00313149
6930 0.0031314
6935 0.00313132
6940 0.00313123
6945 0.00313114
6950 0.00313105
6955 0.00313096
6960 0.00313088
6965 0.00313079
6970 0.0031307
6975 0.00313061
6980 0.00313052
6985 0.00313044
6990 0.00313035
6995 0.00313026
7000 0.00313017
7005 0.00313008
7010 0.00313
7015 0.00312991
7020 0.00312982
7025 0.00312973
7030 0.00312964
7035 0.00312956
7040 0.00312947
7045 0.00312938
7050 0.00312929
7055 0.00312921
7060 0.00312912
7065 0.00312903
7070 0.00312894
7075 0.00312885
7080 0.00312877
7085 0.00312868
7090 0.00312859
7095 0.0031285
7100 0.00312841
7105 0.00312833
7110 0.00312824
7115 0.00312815
7120 0.00312806
7125 0.00312797
7130 0.00312789
7135 0.0031278
7140 0.00312771
7145 0.00312762
7150 0.00312753
7155 0.00312745
7160 0.00312736
7165 0.00312727
7170 0.00312718
7175 0.00312709
7180 0.00312701
7185 0.00312692
7190 0.00312683
7195 0.00312674
7200 0.00312665
7205 0.00312657
7210 0.00312648
7215 0.00312639
7220 0.0031263
7225 0.00312621
7230 0.00312613
7235 0.00312604
7240 0.00312595
7245 0.00312586
7250 0.00312577
7255 0.00312569
7260 0.0031256
7265 0.00312551
7270 0.00312542
7275 0.00312533
7280 0.00312525
7285 0.00312516
7290 0.00312507
7295 0.00312498
7300 0.00312489
7305 0.00312481
7310 0.00312472
7315 0.00312463
7320 0.00312454
7325 0.00312446
7330 0.00312437
7335 0.00312428
7340 0.00312419
7345 0.0031241
7350 0.00312402
7355 0.00312393
7360 0.00312384
7365 0.00312375
7370 0.00312366
7375 0.00312358
7380 0.00312349
7385 0.0031234
7390 0.00312331
7395 0.00312322
7400 0.00312314
7405 0.00312305
7410 0.00312296
7415 0.00312287
7420 0.00312278
7425 0.0031227
7430 0.00312261
7435 0.00312252
7440 0.00312243
7445 0.00312234
7450 0.00312226
7455 0.00312217
7460 0.00312208
7465 0.00312199
7470 0.0031219
7475 0.00312182
7480 0.00312173
7485 0.00312164
7490 0.00312155
7495 0.00312146
7500 0.00312138
7505 0.00312129
7510 0.0031212
7515 0.00312111
7520 0.00312102
7525 0.00312094
7530 0.00312085
7535 0.00312076
7540 0.00312067
7545 0.00312058
7550 0.0031205
7555 0.00312041
7560 0.00312032
7565 0.00312023
7570 0.00312014
7575 0.00312006
7580 0.00311997
7585 0.00311988
7590 0.00311979
7595 0.00311971
7600 0.00311962
7605 0.00311953
7610 0.00311944
7615 0.00311935
7620 0.00311927
7625 0.00311918
7630 0.00311909
7635 0.003119
7640 0.00311891
7645 0.00311883
7650 0.00311874
7655 0.00311865
7660 0.00311856
7665 0.00311847
7670 0.00311839
7675 0.0031183
7680 0.00311821
7685 0.00311812
7690 0.00311803
7695 0.00311795
7700 0.00311786
7705 0.00311777
7710 0.00311768
7715 0.00311759
7720 0.00311751
7725 0.00311742
7730 0.00311733
7735 0.00311724
7740 0.00311715
7745 0.00311707
7750 0.00311698
7755 0.00311689
7760 0.0031168
7765 0.00311671
7770 0.00311663
7775 0.00311654
7780 0.00311645
7785 0.00311636
7790 0.00311627
7795 0.00311619
7800 0.0031161
7805 0.00311601
7810 0.00311592
7815 0.00311583
7820 0.00311575
7825 0.00311566
7830 0.00311557
7835 0.00311548
7840 0.00311539
7845 0.00311531
7850 0.00311522
7855 0.00311513
7860 0.00311504
7865 0.00311496
7870 0.00311487
7875 0.00311478
7880 0.00311469
7885 0.0031146
7890 0.00311452
7895 0.00311443
7900 0.00311434
7905 0.00311425
7910 0.00311416
7915 0.00311408
7920 0.00311399
7925 0.0031139
7930 0.00311381
7935 0.00311372
7940 0.00311364
7945 0.00311355
7950 0.00311346
7955 0.00311337
7960 0.00311328
7965 0.0031132
7970 0.00311311
7975 0.00311302
7980 0.00311293
7985 0.00311284
7990 0.00311276
7995 0.00311267
8000 0.00311258
8005 0.00311249
8010 0.0031124
8015 0.00311232
8020 0.00311223
8025 0.00311214
8030 0.00311205
8035 0.00311196
8040 0.00311188
8045 0.00311179
8050 0.0031117
8055 0.00311161
8060 0.00311152
8065 0.00311144
8070 0.00311135
8075 0.00311126
8080 0.00311117
8085 0.00311108
8090 0.003111
8095 0.00311091
8100 0.00311082
8105 0.00311073
8110 0.00311064
8115 0.00311056
8120 0.00311047
8125 0.00311038
8130 0.00311029
8135 0.00311021
8140 0.00311012
8145 0.00311003
8150 0.00310994
8155 0.00310985
8160 0.00310977
8165 0.00310968
8170 0.00310959
8175 0.0031095
8180 0.00310941
8185 0.00310933
8190 0.00310924
8195 0.00310915
8200 0.00310906
8205 0.00310897
8210 0.00310889
8215 0.0031088
8220 0.00310871
8225 0.00310862
8230 0.00310853
8235 0.00310845
8240 0.00310836
8245 0.00310827
8250 0.00310818
8255 0.00310809
8260 0.00310801
8265 0.00310792
8270 0.00310783
8275 0.00310774
8280 0.00310765
8285 0.00310757
8290 0.00310748
8295 0.00310739
8300 0.0031073
8305 0.00310721
8310 0.00310713
8315 0.00310704
8320 0.00310695
8325 0.00310686
8330 0.00310677
8335 0.00310669
8340 0.0031066
8345 0.00310651
8350 0.00310642
8355 0.00310633
8360 0.00310625
8365 0.00310616
8370 0.00310607
8375 0.00310598
8380 0.00310589
8385 0.00310581
8390 0.00310572
8395 0.00310563
8400 0.00310554
8405 0.00310546
8410 0.00310537
8415 0.00310528
8420 0.00310519
8425 0.0031051
8430 0.00310502
8435 0.00310493
8440 0.00310484
8445 0.00310475
8450 0.00310466
8455 0.00310458
8460 0.00310449
8465 0.0031044
8470 0.00310431
8475 0.00310422
8480 0.00310414
8485 0.00310405
8490 0.00310396
8495 0.00310387
8500 0.00310378
8505 0.0031037
8510 0.00310361
8515 0.00310352
8520 0.00310343
8525 0.00310334
8530 0.00310326
8535 0.00310317
8540 0.00310308
8545 0.00310299
8550 0.0031029
8555 0.00310282
8560 0.00310273
8565 0.00310264
8570 0.00310255
8575 0.00310246
8580 0.00310238
8585 0.00310229
8590 0.0031022
8595 0.00310211
8600 0.00310202
8605 0.00310194
8610 0.00310185
8615 0.00310176
8620 0.00310167
8625 0.00310158
8630 0.0031015
8635 0.00310141
8640 0.00310132
8645 0.00310123
8650 0.00310114
8655 0.00310106
8660 0.00310097
8665 0.00310088
8670 0.00310079
8675 0.00310071
8680 0.00310062
8685 0.00310053
8690 0.00310044
8695 0.00310035
8700 0.00310027
8705 0.00310018
8710 0.00310009
8715 0.0031
8720 0.00309991
8725 0.00309983
8730 0.00309974
8735 0.00309965
8740 0.00309956
8745 0.00309947
8750 0.00309939
8755 0.0030993
8760 0.00309921
8765 0.00309912
8770 0.00309903
8775 0.00309895
8780 0.00309886
8785 0.00309877
8790 0.00309868
8795 0.00309859
8800 0.00309851
8805 0.00309842
8810 0.00309833
8815 0.00309824
8820 0.00309815
8825 0.00309807
8830 0.00309798
8835 0.00309789
8840 0.0030978
8845 0.00309771
8850 0.00309763
8855 0.00309754
8860 0.00309745
8865 0.00309736
8870 0.00309727
8875 0.00309719
8880 0.0030971
8885 0.00309701
8890 0.00309692
8895 0.00309683
8900 0.00309675
8905 0.00309666
8910 0.00309657
8915 0.00309648
8920 0.00309639
8925 0.00309631
8930 0.00309622
8935 0.00309613
8940 0.00309604
8945 0.00309596
8950 0.00309587
8955 0.00309578
8960 0.00309569
8965 0.0030956
8970 0.00309552
8975 0.00309543
8980 0.00309534
8985 0.00309525
8990 0.00309516
8995 0.00309508
9000 0.00309499
9005 0.0030949
9010 0.00309481
9015 0.00309472
9020 0.00309464
9025 0.00309455
9030 0.00309446
9035 0.00309437
9040 0.00309428
9045 0.0030942
9050 0.00309411
9055 0.00309402
9060 0.00309393
9065 0.00309384
9070 0.00309376
9075 0.00309367
9080 0.00309358
9085 0.00309349
9090 0.0030934
9095 0.00309332
9100 0.00309323
9105 0.00309314
9110 0.00309305
9115 0.00309296
9120 0.00309288
9125 0.00309279
9130 0.0030927
9135 0.00309261
9140 0.00309252
9145 0.00309244
9150 0.00309235
9155 0.00309226
9160 0.00309217
9165 0.00309208
9170 0.003092
9175 0.00309191
9180 0.00309182
9185 0.00309173
9190 0.00309165
9195 0.00309156
9200 0.00309147
9205 0.00309138
9210 0.00309129
9215 0.00309121
9220 0.00309112
9225 0.00309103
9230 0.00309094
9235 0.00309085
9240 0.00309077
9245 0.00309068
9250 0.00309059
9255 0.0030905
9260 0.00309041
9265 0.00309033
9270 0.00309024
9275 0.00309015
9280 0.00309006
9285 0.00308997
9290 0.00308989
9295 0.0030898
9300 0.00308971
9305 0.00308962
9310 0.00308953
9315 0.00308945
9320 0.00308936
9325 0.00308927
9330 0.00308918
9335 0.00308909
9340 0.00308901
9345 0.00308892
9350 0.00308883
9355 0.00308874
9360 0.00308865
9365 0.00308857
9370 0.00308848
9375 0.00308839
9380 0.0030883
9385 0.00308821
9390 0.00308813
9395 0.00308804
9400 0.00308795
9405 0.00308786
9410 0.00308777
9415 0.00308769
9420 0.0030876
9425 0.00308751
9430 0.00308742
9435 0.00308733
9440 0.00308725
9445 0.00308716
9450 0.00308707
9455 0.00308698
9460 0.0030869
9465 0.00308681
9470 0.00308672
9475 0.00308663
9480 0.00308654
9485 0.00308646
9490 0.00308637
9495 0.00308628
9500 0.00308619
9505 0.0030861
9510 0.00308602
9515 0.00308593
9520 0.00308584
9525 0.00308575
9530 0.00308566
9535 0.00308558
9540 0.00308549
9545 0.0030854
9550 0.00308531
9555 0.00308522
9560 0.00308514
9565 0.00308505
9570 0.00308496
9575 0.00308487
9580 0.00308478
9585 0.0030847
9590 0.00308461
9595 0.00308452
9600 0.00308443
9605 0.00308434
9610 0.00308426
9615 0.00308417
9620 0.00308408
9625 0.00308399
9630 0.0030839
9635 0.00308382
9640 0.00308373
9645 0.00308364
9650 0.00308355
9655 0.00308346
9660 0.00308338
9665 0.00308329
9670 0.0030832
9675 0.00308311
9680 0.00308302
9685 0.00308294
9690 0.00308285
9695 0.00308276
9700 0.00308267
9705 0.00308258
9710 0.0030825
9715 0.00308241
9720 0.00308232
9725 0.00308223
9730 0.00308215
9735 0.00308206
9740 0.00308197
9745 0.00308188
9750 0.00308179
9755 0.00308171
9760 0.00308162
9765 0.00308153
9770 0.00308144
9775 0.00308135
9780 0.00308127
9785 0.00308118
9790 0.00308109
9795 0.003081
9800 0.00308091
9805 0.00308083
9810 0.00308074
9815 0.00308065
9820 0.00308056
9825 0.00308047
9830 0.00308039
9835 0.0030803
9840 0.00308021
9845 0.00308012
9850 0.00308003
9855 0.00307995
9860 0.00307986
9865 0.00307977
9870 0.00307968
9875 0.00307959
9880 0.00307951
9885 0.00307942
9890 0.00307933
9895 0.00307924
9900 0.00307915
9905 0.00307907
9910 0.00307898
9915 0.00307889
9920 0.0030788
9925 0.00307871
9930 0.00307863
9935 0.00307854
9940 0.00307845
9945 0.00307836
9950 0.00307827
9955 0.00307819
9960 0.0030781
9965 0.00307801
9970 0.00307792
9975 0.00307783
9980 0.00307775
9985 0.00307766
9990 0.00307757
9995 0.00307748
10000 0.0030774
10005 0.00307731
10010 0.00307722
10015 0.00307713
10020 0.00307704
10025 0.00307696
10030 0.00307687
10035 0.00307678
10040 0.00307669
10045 0.0030766
10050 0.00307652
10055 0.00307643
10060 0.00307634
10065 0.00307625
10070 0.00307616
10075 0.00307608
10080 0.00307599
10085 0.0030759
10090 0.00307581
10095 0.00307572
10100 0.00307564
10105 0.00307555
10110 0.00307546
10115 0.00307537
10120 0.00307528
10125 0.0030752
10130 0.00307511
10135 0.00307502
10140 0.00307493
10145 0.00307484
10150 0.00307476
10155 0.00307467
10160 0.00307458
10165 0.00307449
10170 0.0030744
10175 0.00307432
10180 0.00307423
10185 0.00307414
10190 0.00307405
10195 0.00307396
10200 0.00307388
10205 0.00307379
10210 0.0030737
10215 0.00307361
10220 0.00307352
10225 0.00307344
10230 0.00307335
10235 0.00307326
10240 0.00307317
10245 0.00307308
10250 0.003073
10255 0.00307291
10260 0.00307282
10265 0.00307273
10270 0.00307265
10275 0.00307256
10280 0.00307247
10285 0.00307238
10290 0.00307229
10295 0.00307221
10300 0.00307212
10305 0.00307203
10310 0.00307194
10315 0.00307185
10320 0.00307177
10325 0.00307168
10330 0.00307159
10335 0.0030715
10340 0.00307141
10345 0.00307133
10350 0.00307124
10355 0.00307115
10360 0.00307106
10365 0.00307097
10370 0.00307089
10375 0.0030708
10380 0.00307071
10385 0.00307062
10390 0.00307053
10395 0.00307045
10400 0.00307036
10405 0.00307027
10410 0.00307018
10415 0.00307009
10420 0.00307001
10425 0.00306992
10430 0.00306983
10435 0.00306974
10440 0.00306965
10445 0.00306957
10450 0.00306948
10455 0.00306939
10460 0.0030693
10465 0.00306921
10470 0.00306913
10475 0.00306904
10480 0.00306895
10485 0.00306886
10490 0.00306877
10495 0.00306869
10500 0.0030686
10505 0.00306851
10510 0.00306842
10515 0.00306833
10520 0.00306825
10525 0.00306816
10530 0.00306807
10535 0.00306798
10540 0.0030679
10545 0.00306781
10550 0.00306772
10555 0.00306763
10560 0.00306754
10565 0.00306746
10570 0.00306737
10575 0.00306728
10580 0.00306719
10585 0.0030671
10590 0.00306702
10595 0.00306693
10600 0.00306684
10605 0.00306675
10610 0.00306666
10615 0.00306658
10620 0.00306649
10625 0.0030664
10630 0.00306631
10635 0.00306622
10640 0.00306614
10645 0.00306605
10650 0.00306596
10655 0.00306587
10660 0.00306578
10665 0.0030657
10670 0.00306561
10675 0.00306552
10680 0.00306543
10685 0.00306534
10690 0.00306526
10695 0.00306517
10700 0.00306508
10705 0.00306499
10710 0.0030649
10715 0.00306482
10720 0.00306473
10725 0.00306464
10730 0.00306455
10735 0.00306446
10740 0.00306438
10745 0.00306429
10750 0.0030642
10755 0.00306411
10760 0.00306402
10765 0.00306394
10770 0.00306385
10775 0.00306376
10780 0.00306367
10785 0.00306358
10790 0.0030635
10795 0.00306341
10800 0.00306332
10805 0.00306323
10810 0.00306315
10815 0.00306306
10820 0.00306297
10825 0.00306288
10830 0.00306279
10835 0.00306271
10840 0.00306262
10845 0.00306253
10850 0.00306244
10855 0.00306235
10860 0.00306227
10865 0.00306218
10870 0.00306209
10875 0.003062
10880 0.00306191
10885 0.00306183
10890 0.00306184
10895 0.00307338
10900 0.00309965
10905 0.0031394
10910 0.00319519
10915 0.0032665
10920 0.00334275
10925 0.00342792
10930 0.00351942
10935 0.00361874
10940 0.00372174
10945 0.00382681
10950 0.00393644
10955 0.00405337
10960 0.00417672
10965 0.00431134
10970 0.00435719
10975 0.00349824
10980 0.00260807
10985 0.00169035
10990 0.000748785
10995 0
