@MEASUREMENT_RADIUS 4.7 cm
# lambda : Angstroms 
# tr : transmission ([0,1]) 
# end
3270 0
3275 0.00195389
3280 0.00405464
3285 0.00518331
3290 0.00678769
3295 0.00908707
3300 0.0124551
3305 0.0173666
3310 0.0246968
3315 0.0354878
3320 0.0512181
3325 0.0739954
3330 0.105465
3335 0.147943
3340 0.202218
3345 0.265141
3350 0.334082
3355 0.404343
3360 0.470244
3365 0.528701
3370 0.575666
3375 0.609206
3380 0.62976
3385 0.640354
3390 0.643985
3395 0.6434
3400 0.638197
3405 0.62822
3410 0.616142
3415 0.605265
3420 0.597529
3425 0.591886
3430 0.585258
3435 0.57783
3440 0.573931
3445 0.580434
3450 0.603162
3455 0.641291
3460 0.687095
3465 0.728093
3470 0.754163
3475 0.758829
3480 0.744616
3485 0.713265
3490 0.679451
3495 0.672467
3500 0.684814
3505 0.708838
3510 0.736873
3515 0.760956
3520 0.776054
3525 0.782879
3530 0.78521
3535 0.787699
3540 0.79229
3545 0.798454
3550 0.803351
3555 0.804097
3560 0.799028
3565 0.787811
3570 0.768819
3575 0.740008
3580 0.701642
3585 0.658512
3590 0.619654
3595 0.596558
3600 0.596776
3605 0.619547
3610 0.655739
3615 0.693853
3620 0.725163
3625 0.746747
3630 0.761673
3635 0.772931
3640 0.780565
3645 0.781827
3650 0.773862
3655 0.757036
3660 0.73658
3665 0.719694
3670 0.708343
3675 0.69775
3680 0.678035
3685 0.640873
3690 0.588015
3695 0.531509
3700 0.488148
3705 0.471392
3710 0.482198
3715 0.509859
3720 0.538405
3725 0.555835
3730 0.560042
3735 0.557371
3740 0.553881
3745 0.550196
3750 0.541414
3755 0.524339
3760 0.503786
3765 0.491627
3770 0.499519
3775 0.530793
3780 0.576138
3785 0.618392
3790 0.644373
3795 0.651487
3800 0.649271
3805 0.651569
3810 0.667461
3815 0.697001
3820 0.731992
3825 0.762457
3830 0.783868
3835 0.796973
3840 0.804616
3845 0.808753
3850 0.809539
3855 0.806332
3860 0.799855
3865 0.791557
3870 0.780759
3875 0.76527
3880 0.743045
3885 0.714177
3890 0.6838
3895 0.659918
3900 0.648946
3905 0.65285
3910 0.667692
3915 0.68556
3920 0.698571
3925 0.703253
3930 0.701291
3935 0.69775
3940 0.697967
3945 0.704762
3950 0.71734
3955 0.732069
3960 0.745123
3965 0.75398
3970 0.757341
3975 0.755669
3980 0.75034
3985 0.743255
3990 0.736204
3995 0.730812
4000 0.727785
4005 0.726011
4010 0.723266
4015 0.717362
4020 0.707334
4025 0.69507
4030 0.684093
4035 0.677951
4040 0.679196
4045 0.687125
4050 0.697648
4055 0.70459
4060 0.702507
4065 0.688926
4070 0.664196
4075 0.631295
4080 0.593606
4085 0.553292
4090 0.511746
4095 0.468458
4100 0.423356
4105 0.377289
4110 0.330928
4115 0.286553
4120 0.24597
4125 0.209683
4130 0.178186
4135 0.151095
4140 0.128092
4145 0.108873
4150 0.0926073
4155 0.0789929
4160 0.0676878
4165 0.0582007
4170 0.0502499
4175 0.0435276
4180 0.037802
4185 0.0329481
4190 0.0287715
4195 0.0251797
4200 0.0220979
4205 0.0194082
4210 0.0170783
4215 0.0150575
4220 0.0132871
4225 0.0117424
4230 0.010386
4235 0.00919825
4240 0.00816285
4245 0.00724862
4250 0.00645393
4255 0.00576773
4260 0.00516498
4265 0.00464193
4270 0.0041899
4275 0.00380566
4280 0.00348178
4285 0.00321219
4290 0.00307329
4295 0.00305492
4300 0.0030547
4305 0.00305448
4310 0.00305426
4315 0.00305404
4320 0.00305382
4325 0.0030536
4330 0.00305338
4335 0.00305316
4340 0.00305294
4345 0.00305272
4350 0.0030525
4355 0.00305228
4360 0.00305206
4365 0.00305184
4370 0.00305162
4375 0.0030514
4380 0.00305118
4385 0.00305096
4390 0.00305074
4395 0.00305052
4400 0.0030503
4405 0.00305007
4410 0.00304985
4415 0.00304963
4420 0.00304941
4425 0.00304919
4430 0.00304897
4435 0.00304875
4440 0.00304853
4445 0.00304831
4450 0.00304809
4455 0.00304787
4460 0.00304765
4465 0.00304743
4470 0.00304721
4475 0.00304699
4480 0.00304677
4485 0.00304655
4490 0.00304633
4495 0.00304611
4500 0.00304589
4505 0.00304567
4510 0.00304545
4515 0.00304523
4520 0.003045
4525 0.00304478
4530 0.00304456
4535 0.00304434
4540 0.00304412
4545 0.0030439
4550 0.00304368
4555 0.00304346
4560 0.00304324
4565 0.00304302
4570 0.0030428
4575 0.00304258
4580 0.00304236
4585 0.00304214
4590 0.00304192
4595 0.0030417
4600 0.00304148
4605 0.00304126
4610 0.00304104
4615 0.00304082
4620 0.0030406
4625 0.00304038
4630 0.00304016
4635 0.00303993
4640 0.00303971
4645 0.00303949
4650 0.00303927
4655 0.00303905
4660 0.00303883
4665 0.00303861
4670 0.00303839
4675 0.00303817
4680 0.00303795
4685 0.00303773
4690 0.00303751
4695 0.00303729
4700 0.00303707
4705 0.00303685
4710 0.00303663
4715 0.00303641
4720 0.00303619
4725 0.00303597
4730 0.00303575
4735 0.00303553
4740 0.00303531
4745 0.00303509
4750 0.00303486
4755 0.00303464
4760 0.00303442
4765 0.0030342
4770 0.00303398
4775 0.00303376
4780 0.00303354
4785 0.00303332
4790 0.0030331
4795 0.00303288
4800 0.00303266
4805 0.00303244
4810 0.00303222
4815 0.003032
4820 0.00303178
4825 0.00303156
4830 0.00303134
4835 0.00303112
4840 0.0030309
4845 0.00303068
4850 0.00303046
4855 0.00303024
4860 0.00303002
4865 0.00302979
4870 0.00302957
4875 0.00302935
4880 0.00302913
4885 0.00302891
4890 0.00302869
4895 0.00302847
4900 0.00302825
4905 0.00302803
4910 0.00302781
4915 0.00302759
4920 0.00302737
4925 0.00302715
4930 0.00302693
4935 0.00302671
4940 0.00302649
4945 0.00302627
4950 0.00302605
4955 0.00302583
4960 0.00302561
4965 0.00302539
4970 0.00302517
4975 0.00302495
4980 0.00302472
4985 0.0030245
4990 0.00302428
4995 0.00302406
5000 0.00302384
5005 0.00302362
5010 0.0030234
5015 0.00302318
5020 0.00302296
5025 0.00302274
5030 0.00302252
5035 0.00306452
5040 0.00323702
5045 0.00352674
5050 0.00383774
5055 0.00414221
5060 0.0044138
5065 0.00464222
5070 0.00482627
5075 0.00495245
5080 0.00501333
5085 0.00498848
5090 0.00484327
5095 0.00455345
5100 0.00411508
5105 0.00366111
5110 0.00342165
5115 0.00339678
5120 0.00339647
5125 0.00339616
5130 0.00339585
5135 0.00339554
5140 0.00339522
5145 0.00339491
5150 0.0033946
5155 0.00339429
5160 0.00339398
5165 0.00339367
5170 0.00339336
5175 0.00339305
5180 0.00339274
5185 0.00339243
5190 0.00339212
5195 0.0033918
5200 0.00339149
5205 0.00339118
5210 0.00339087
5215 0.00339056
5220 0.00339025
5225 0.00338994
5230 0.00338963
5235 0.00338932
5240 0.00338901
5245 0.0033887
5250 0.00338838
5255 0.00338807
5260 0.00338776
5265 0.00338745
5270 0.00338714
5275 0.00338683
5280 0.00338652
5285 0.00338621
5290 0.0033859
5295 0.00338559
5300 0.00338527
5305 0.00338496
5310 0.00338465
5315 0.00338434
5320 0.00338403
5325 0.00338372
5330 0.00338341
5335 0.0033831
5340 0.00338279
5345 0.00338248
5350 0.00338217
5355 0.00338185
5360 0.00338154
5365 0.00338123
5370 0.00338092
5375 0.00338061
5380 0.0033803
5385 0.00337999
5390 0.00337968
5395 0.00337937
5400 0.00337906
5405 0.00337875
5410 0.00337843
5415 0.00337812
5420 0.00337781
5425 0.0033775
5430 0.00337719
5435 0.00337688
5440 0.00337657
5445 0.00337626
5450 0.00337595
5455 0.00337564
5460 0.00337532
5465 0.00337501
5470 0.0033747
5475 0.00337439
5480 0.00337408
5485 0.00337377
5490 0.00337346
5495 0.00337315
5500 0.00337284
5505 0.00337253
5510 0.00337222
5515 0.0033719
5520 0.00337159
5525 0.00337128
5530 0.00337097
5535 0.00337066
5540 0.00337035
5545 0.00337004
5550 0.00336973
5555 0.00336942
5560 0.00336911
5565 0.00336879
5570 0.00336848
5575 0.00336817
5580 0.00336786
5585 0.00336755
5590 0.00336724
5595 0.00336693
5600 0.00336662
5605 0.00336631
5610 0.003366
5615 0.00336569
5620 0.00336537
5625 0.00336506
5630 0.00336475
5635 0.00336444
5640 0.00336413
5645 0.00336382
5650 0.00336351
5655 0.0033632
5660 0.00336289
5665 0.00336258
5670 0.00336227
5675 0.00336195
5680 0.00336164
5685 0.00336133
5690 0.00336102
5695 0.00336071
5700 0.0033604
5705 0.00336009
5710 0.00335978
5715 0.00335947
5720 0.00335916
5725 0.00335884
5730 0.00335853
5735 0.00335822
5740 0.00335791
5745 0.0033576
5750 0.00335729
5755 0.00335698
5760 0.00335667
5765 0.00335636
5770 0.00335605
5775 0.00335574
5780 0.00335542
5785 0.00335511
5790 0.0033548
5795 0.00335449
5800 0.00335418
5805 0.00335387
5810 0.00335356
5815 0.00335325
5820 0.00335294
5825 0.00335263
5830 0.00335232
5835 0.003352
5840 0.00335169
5845 0.00335138
5850 0.00335107
5855 0.00335076
5860 0.00335045
5865 0.00335014
5870 0.00334983
5875 0.00334952
5880 0.00334921
5885 0.00334889
5890 0.00334858
5895 0.00334827
5900 0.00334796
5905 0.00334765
5910 0.00334734
5915 0.00334703
5920 0.00334672
5925 0.00334641
5930 0.0033461
5935 0.00334579
5940 0.00334547
5945 0.00334516
5950 0.00334485
5955 0.00334454
5960 0.00334423
5965 0.00334392
5970 0.00334361
5975 0.0033433
5980 0.00334299
5985 0.00334268
5990 0.00334236
5995 0.00334205
6000 0.00334174
6005 0.00334143
6010 0.00334112
6015 0.00334081
6020 0.0033405
6025 0.00334019
6030 0.00333988
6035 0.00333957
6040 0.00333926
6045 0.00333894
6050 0.00333863
6055 0.00333832
6060 0.00333801
6065 0.0033377
6070 0.00333739
6075 0.00333708
6080 0.00333677
6085 0.00333646
6090 0.00333615
6095 0.00333584
6100 0.00333552
6105 0.00333521
6110 0.0033349
6115 0.00333459
6120 0.00333428
6125 0.00333397
6130 0.00333366
6135 0.00333335
6140 0.00333304
6145 0.00333273
6150 0.00333241
6155 0.0033321
6160 0.00333179
6165 0.00333148
6170 0.00333117
6175 0.00333086
6180 0.00333055
6185 0.00333024
6190 0.00332993
6195 0.00332962
6200 0.00332931
6205 0.00332899
6210 0.00332868
6215 0.00332837
6220 0.00332806
6225 0.00332775
6230 0.00332744
6235 0.00332713
6240 0.00332682
6245 0.00332651
6250 0.0033262
6255 0.00332589
6260 0.00332557
6265 0.00332526
6270 0.00332495
6275 0.00332464
6280 0.00332433
6285 0.00332402
6290 0.00332371
6295 0.0033234
6300 0.00332309
6305 0.00332278
6310 0.00332246
6315 0.00332215
6320 0.00332184
6325 0.00332153
6330 0.00332122
6335 0.00332091
6340 0.0033206
6345 0.00332029
6350 0.00331998
6355 0.00331967
6360 0.00331936
6365 0.00331904
6370 0.00331873
6375 0.00331842
6380 0.00331811
6385 0.0033178
6390 0.00331749
6395 0.00331718
6400 0.00331687
6405 0.00331656
6410 0.00331625
6415 0.00331593
6420 0.00331562
6425 0.00331531
6430 0.003315
6435 0.00331469
6440 0.00331438
6445 0.00331407
6450 0.00331376
6455 0.00331345
6460 0.00331314
6465 0.00331283
6470 0.00331251
6475 0.0033122
6480 0.00331189
6485 0.00331158
6490 0.00331127
6495 0.00331096
6500 0.00331065
6505 0.00331034
6510 0.00331003
6515 0.00330972
6520 0.00330941
6525 0.00330909
6530 0.00330878
6535 0.00330847
6540 0.00330816
6545 0.00330785
6550 0.00330754
6555 0.00330723
6560 0.00330692
6565 0.00330661
6570 0.0033063
6575 0.00330598
6580 0.00330567
6585 0.00330536
6590 0.00330505
6595 0.00330474
6600 0.00330443
6605 0.00330412
6610 0.00330381
6615 0.0033035
6620 0.00330319
6625 0.00330288
6630 0.00330256
6635 0.00330225
6640 0.00330194
6645 0.00330163
6650 0.00330132
6655 0.00330101
6660 0.0033007
6665 0.00330039
6670 0.00330008
6675 0.00329977
6680 0.00329946
6685 0.00329914
6690 0.00329883
6695 0.00329852
6700 0.00329821
6705 0.0032979
6710 0.00329759
6715 0.00329728
6720 0.00329697
6725 0.00329666
6730 0.00329635
6735 0.00329603
6740 0.00329572
6745 0.00329541
6750 0.0032951
6755 0.00329479
6760 0.00329448
6765 0.00329417
6770 0.00329386
6775 0.00329355
6780 0.00329324
6785 0.00329293
6790 0.00329261
6795 0.0032923
6800 0.00329199
6805 0.00329168
6810 0.00329137
6815 0.00329106
6820 0.00329075
6825 0.00329044
6830 0.00329013
6835 0.00328982
6840 0.0032895
6845 0.00328919
6850 0.00328888
6855 0.00328857
6860 0.00328826
6865 0.00328795
6870 0.00328764
6875 0.00328733
6880 0.00328702
6885 0.00328671
6890 0.0032864
6895 0.00328608
6900 0.00328577
6905 0.00328546
6910 0.00328515
6915 0.00328484
6920 0.00328453
6925 0.00328422
6930 0.00328391
6935 0.0032836
6940 0.00328329
6945 0.00328298
6950 0.00328266
6955 0.00328235
6960 0.00328204
6965 0.00328173
6970 0.00328142
6975 0.00328111
6980 0.0032808
6985 0.00328049
6990 0.00328018
6995 0.00327987
7000 0.00327955
7005 0.00327924
7010 0.00327893
7015 0.00327862
7020 0.00327831
7025 0.003278
7030 0.00327769
7035 0.00327738
7040 0.00327707
7045 0.00327676
7050 0.00327645
7055 0.00327613
7060 0.00327582
7065 0.00327551
7070 0.0032752
7075 0.00327489
7080 0.00327458
7085 0.00327427
7090 0.00327396
7095 0.00327365
7100 0.00327334
7105 0.00327303
7110 0.00327271
7115 0.0032724
7120 0.00327209
7125 0.00327178
7130 0.00327147
7135 0.00327116
7140 0.00327085
7145 0.00327054
7150 0.00327023
7155 0.00326992
7160 0.0032696
7165 0.00326929
7170 0.00326898
7175 0.00326867
7180 0.00326836
7185 0.00326805
7190 0.00326774
7195 0.00326743
7200 0.00326712
7205 0.00326681
7210 0.0032665
7215 0.00326618
7220 0.00326587
7225 0.00326556
7230 0.00326525
7235 0.00326494
7240 0.00326463
7245 0.00326432
7250 0.00326401
7255 0.0032637
7260 0.00326339
7265 0.00326307
7270 0.00326276
7275 0.00326245
7280 0.00326214
7285 0.00326183
7290 0.00326152
7295 0.00326121
7300 0.0032609
7305 0.00326059
7310 0.00326028
7315 0.00325997
7320 0.00325965
7325 0.00325934
7330 0.00325903
7335 0.00325872
7340 0.00325841
7345 0.0032581
7350 0.00325779
7355 0.00325748
7360 0.00325717
7365 0.00325686
7370 0.00325655
7375 0.00325623
7380 0.00325592
7385 0.00325561
7390 0.0032553
7395 0.00325499
7400 0.00325468
7405 0.00325437
7410 0.00325406
7415 0.00325375
7420 0.00325344
7425 0.00325312
7430 0.00325281
7435 0.0032525
7440 0.00325219
7445 0.00325188
7450 0.00325157
7455 0.00325126
7460 0.00325095
7465 0.00325064
7470 0.00325033
7475 0.00325002
7480 0.0032497
7485 0.00324939
7490 0.00324908
7495 0.00324877
7500 0.00324846
7505 0.00324815
7510 0.00324784
7515 0.00324753
7520 0.00324722
7525 0.00324691
7530 0.0032466
7535 0.00324628
7540 0.00324597
7545 0.00324566
7550 0.00324535
7555 0.00324504
7560 0.00324473
7565 0.00324442
7570 0.00324411
7575 0.0032438
7580 0.00324349
7585 0.00324317
7590 0.00324286
7595 0.00324255
7600 0.00324224
7605 0.00324193
7610 0.00324162
7615 0.00324131
7620 0.003241
7625 0.00324069
7630 0.00324038
7635 0.00324007
7640 0.00323975
7645 0.00323944
7650 0.00323913
7655 0.00323882
7660 0.00323851
7665 0.0032382
7670 0.00323789
7675 0.00323758
7680 0.00323727
7685 0.00323696
7690 0.00323664
7695 0.00323633
7700 0.00323602
7705 0.00323571
7710 0.0032354
7715 0.00323509
7720 0.00323478
7725 0.00323447
7730 0.00323416
7735 0.00323385
7740 0.00323354
7745 0.00323322
7750 0.00323291
7755 0.0032326
7760 0.00323229
7765 0.00323198
7770 0.00323167
7775 0.00323136
7780 0.00323105
7785 0.00323074
7790 0.00323043
7795 0.00323012
7800 0.0032298
7805 0.00322949
7810 0.00322918
7815 0.00322887
7820 0.00322856
7825 0.00322825
7830 0.00322794
7835 0.00322763
7840 0.00322732
7845 0.00322701
7850 0.00322669
7855 0.00322638
7860 0.00322607
7865 0.00322576
7870 0.00322545
7875 0.00322514
7880 0.00322483
7885 0.00322452
7890 0.00322421
7895 0.0032239
7900 0.00322359
7905 0.00322327
7910 0.00322296
7915 0.00322265
7920 0.00322234
7925 0.00322203
7930 0.00322172
7935 0.00322141
7940 0.0032211
7945 0.00322079
7950 0.00322048
7955 0.00322017
7960 0.00321985
7965 0.00321954
7970 0.00321923
7975 0.00321892
7980 0.00321861
7985 0.0032183
7990 0.00321799
7995 0.00321768
8000 0.00321737
8005 0.00321706
8010 0.00321674
8015 0.00321643
8020 0.00321612
8025 0.00321581
8030 0.0032155
8035 0.00321519
8040 0.00321488
8045 0.00321457
8050 0.00321426
8055 0.00321395
8060 0.00321364
8065 0.00321332
8070 0.00321301
8075 0.0032127
8080 0.00321239
8085 0.00321208
8090 0.00321177
8095 0.00321146
8100 0.00321115
8105 0.00321084
8110 0.00321053
8115 0.00321021
8120 0.0032099
8125 0.00320959
8130 0.00320928
8135 0.00320897
8140 0.00320866
8145 0.00320835
8150 0.00320804
8155 0.00320773
8160 0.00320742
8165 0.00320711
8170 0.00320679
8175 0.00320648
8180 0.00320617
8185 0.00320586
8190 0.00320555
8195 0.00320524
8200 0.00320493
8205 0.00320462
8210 0.00320431
8215 0.003204
8220 0.00320369
8225 0.00320337
8230 0.00320306
8235 0.00320275
8240 0.00320244
8245 0.00320213
8250 0.00320182
8255 0.00320151
8260 0.0032012
8265 0.00320089
8270 0.00320058
8275 0.00320026
8280 0.00319995
8285 0.00319964
8290 0.00319933
8295 0.00319902
8300 0.00319871
8305 0.0031984
8310 0.00319809
8315 0.00319778
8320 0.00319747
8325 0.00319716
8330 0.00319684
8335 0.00319653
8340 0.00319622
8345 0.00319591
8350 0.0031956
8355 0.00319529
8360 0.00319498
8365 0.00319467
8370 0.00319436
8375 0.00319405
8380 0.00319374
8385 0.00319342
8390 0.00319311
8395 0.0031928
8400 0.00319249
8405 0.00319218
8410 0.00319187
8415 0.00319156
8420 0.00319125
8425 0.00319094
8430 0.00319063
8435 0.00319031
8440 0.00319
8445 0.00318969
8450 0.00318938
8455 0.00318907
8460 0.00318876
8465 0.00318845
8470 0.00318814
8475 0.00318783
8480 0.00318752
8485 0.00318721
8490 0.00318689
8495 0.00318658
8500 0.00318627
8505 0.00318596
8510 0.00318565
8515 0.00318534
8520 0.00318503
8525 0.00318472
8530 0.00318441
8535 0.0031841
8540 0.00318378
8545 0.00318347
8550 0.00318316
8555 0.00318285
8560 0.00318254
8565 0.00318223
8570 0.00318192
8575 0.00318161
8580 0.0031813
8585 0.00318099
8590 0.00318068
8595 0.00318036
8600 0.00318005
8605 0.00317974
8610 0.00317943
8615 0.00317912
8620 0.00317881
8625 0.0031785
8630 0.00317819
8635 0.00317788
8640 0.00317757
8645 0.00317726
8650 0.00317694
8655 0.00317663
8660 0.00317632
8665 0.00317601
8670 0.0031757
8675 0.00317539
8680 0.00317508
8685 0.00317477
8690 0.00317446
8695 0.00317415
8700 0.00317383
8705 0.00317352
8710 0.00317321
8715 0.0031729
8720 0.00317259
8725 0.00317228
8730 0.00317197
8735 0.00317166
8740 0.00317135
8745 0.00317104
8750 0.00317073
8755 0.00317041
8760 0.0031701
8765 0.00316979
8770 0.00316948
8775 0.00316917
8780 0.00316886
8785 0.00316855
8790 0.00316824
8795 0.00316793
8800 0.00316762
8805 0.00316731
8810 0.00316699
8815 0.00316668
8820 0.00316637
8825 0.00316606
8830 0.00316575
8835 0.00316544
8840 0.00316513
8845 0.00316482
8850 0.00316451
8855 0.0031642
8860 0.00316388
8865 0.00316357
8870 0.00316326
8875 0.00316295
8880 0.00316264
8885 0.00316233
8890 0.00316202
8895 0.00316171
8900 0.0031614
8905 0.00316109
8910 0.00316078
8915 0.00316046
8920 0.00316015
8925 0.00315984
8930 0.00315953
8935 0.00315922
8940 0.00315891
8945 0.0031586
8950 0.00315829
8955 0.00315798
8960 0.00315767
8965 0.00315735
8970 0.00315704
8975 0.00315673
8980 0.00315642
8985 0.00315611
8990 0.0031558
8995 0.00315549
9000 0.00315518
9005 0.00315487
9010 0.00315456
9015 0.00315425
9020 0.00315393
9025 0.00315362
9030 0.00315331
9035 0.003153
9040 0.00315269
9045 0.00315238
9050 0.00315207
9055 0.00315176
9060 0.00315145
9065 0.00315114
9070 0.00315083
9075 0.00315051
9080 0.0031502
9085 0.00314989
9090 0.00314958
9095 0.00314927
9100 0.00314896
9105 0.00314865
9110 0.00314834
9115 0.00314803
9120 0.00314772
9125 0.0031474
9130 0.00314709
9135 0.00314678
9140 0.00314647
9145 0.00314616
9150 0.00314585
9155 0.00314554
9160 0.00314523
9165 0.00314492
9170 0.00314461
9175 0.0031443
9180 0.00314398
9185 0.00314367
9190 0.00314336
9195 0.00314305
9200 0.00314274
9205 0.00314243
9210 0.00314212
9215 0.00314181
9220 0.0031415
9225 0.00314119
9230 0.00314088
9235 0.00314056
9240 0.00314025
9245 0.00313994
9250 0.00313963
9255 0.00313932
9260 0.00313901
9265 0.0031387
9270 0.00313839
9275 0.00313808
9280 0.00313777
9285 0.00313745
9290 0.00313714
9295 0.00313683
9300 0.00313652
9305 0.00313621
9310 0.0031359
9315 0.00313559
9320 0.00313528
9325 0.00313497
9330 0.00313466
9335 0.00313435
9340 0.00313403
9345 0.00313372
9350 0.00313341
9355 0.0031331
9360 0.00313279
9365 0.00313248
9370 0.00313217
9375 0.00313186
9380 0.00313155
9385 0.00313124
9390 0.00313092
9395 0.00313061
9400 0.0031303
9405 0.00312999
9410 0.00312968
9415 0.00312937
9420 0.00312906
9425 0.00312875
9430 0.00312844
9435 0.00312813
9440 0.00312782
9445 0.0031275
9450 0.00312719
9455 0.00312688
9460 0.00312657
9465 0.00312626
9470 0.00312595
9475 0.00312564
9480 0.00312533
9485 0.00312502
9490 0.00312471
9495 0.0031244
9500 0.00312408
9505 0.00312377
9510 0.00312346
9515 0.00312315
9520 0.00312284
9525 0.00312253
9530 0.00312222
9535 0.00312191
9540 0.0031216
9545 0.00312129
9550 0.00312097
9555 0.00312066
9560 0.00312035
9565 0.00312004
9570 0.00311973
9575 0.00311942
9580 0.00311911
9585 0.0031188
9590 0.00311849
9595 0.00311818
9600 0.00311787
9605 0.00311755
9610 0.00311724
9615 0.00311693
9620 0.00311662
9625 0.00311631
9630 0.003116
9635 0.00311569
9640 0.00311538
9645 0.00311507
9650 0.00311476
9655 0.00311445
9660 0.00311413
9665 0.00311382
9670 0.00311351
9675 0.0031132
9680 0.00311289
9685 0.00311258
9690 0.00311227
9695 0.00311196
9700 0.00311165
9705 0.00311134
9710 0.00311102
9715 0.00311071
9720 0.0031104
9725 0.00311009
9730 0.00310978
9735 0.00310947
9740 0.00310916
9745 0.00310885
9750 0.00310854
9755 0.00310823
9760 0.00310792
9765 0.0031076
9770 0.00310729
9775 0.00310698
9780 0.00310667
9785 0.00310636
9790 0.00310605
9795 0.00310574
9800 0.00310543
9805 0.00310512
9810 0.00310481
9815 0.00310449
9820 0.00310418
9825 0.00310387
9830 0.00310356
9835 0.00310325
9840 0.00310294
9845 0.00310263
9850 0.00310232
9855 0.00310201
9860 0.0031017
9865 0.00310139
9870 0.00310107
9875 0.00310076
9880 0.00310045
9885 0.00310014
9890 0.00309983
9895 0.00309952
9900 0.00309921
9905 0.0030989
9910 0.00309859
9915 0.00309828
9920 0.00309797
9925 0.00309765
9930 0.00309734
9935 0.00309703
9940 0.00309672
9945 0.00309641
9950 0.0030961
9955 0.00309579
9960 0.00309548
9965 0.00309517
9970 0.00309486
9975 0.00309454
9980 0.00309423
9985 0.00309392
9990 0.00309361
9995 0.0030933
10000 0.00309299
10005 0.00309268
10010 0.00309237
10015 0.00309206
10020 0.00309175
10025 0.00309144
10030 0.00309112
10035 0.00309081
10040 0.0030905
10045 0.00309019
10050 0.00308988
10055 0.00308957
10060 0.00308926
10065 0.00308895
10070 0.00308864
10075 0.00308833
10080 0.00308802
10085 0.0030877
10090 0.00308739
10095 0.00308708
10100 0.00308677
10105 0.00308646
10110 0.00308615
10115 0.00308584
10120 0.00308553
10125 0.00308522
10130 0.00308491
10135 0.00308459
10140 0.00308428
10145 0.00308397
10150 0.00308366
10155 0.00308335
10160 0.00308304
10165 0.00308273
10170 0.00308242
10175 0.00308211
10180 0.0030818
10185 0.00308149
10190 0.00308117
10195 0.00308086
10200 0.00308055
10205 0.00308024
10210 0.00307993
10215 0.00307962
10220 0.00307931
10225 0.003079
10230 0.00307869
10235 0.00307838
10240 0.00307806
10245 0.00307775
10250 0.00307744
10255 0.00307713
10260 0.00307682
10265 0.00307651
10270 0.0030762
10275 0.00307589
10280 0.00307558
10285 0.00307527
10290 0.00307496
10295 0.00307464
10300 0.00307433
10305 0.00307402
10310 0.00307371
10315 0.0030734
10320 0.00307309
10325 0.00307278
10330 0.00307247
10335 0.00307216
10340 0.00307185
10345 0.00307154
10350 0.00307122
10355 0.00307091
10360 0.0030706
10365 0.00307029
10370 0.00306998
10375 0.00306967
10380 0.00306936
10385 0.00306905
10390 0.00306874
10395 0.00306843
10400 0.00306811
10405 0.0030678
10410 0.00306749
10415 0.00306718
10420 0.00306687
10425 0.00306656
10430 0.00306625
10435 0.00306594
10440 0.00306563
10445 0.00306532
10450 0.00306501
10455 0.00306469
10460 0.00306438
10465 0.00306407
10470 0.00306376
10475 0.00306345
10480 0.00306314
10485 0.00306283
10490 0.00306252
10495 0.00306221
10500 0.0030619
10505 0.00306159
10510 0.00306127
10515 0.00306096
10520 0.00306065
10525 0.00306034
10530 0.00306003
10535 0.00305972
10540 0.00305941
10545 0.0030591
10550 0.00305879
10555 0.00305848
10560 0.00305816
10565 0.00305785
10570 0.00305754
10575 0.00305723
10580 0.00305692
10585 0.00305661
10590 0.0030563
10595 0.00305599
10600 0.00305568
10605 0.00305537
10610 0.00305506
10615 0.00305474
10620 0.00305443
10625 0.00305412
10630 0.00305381
10635 0.0030535
10640 0.00305319
10645 0.00305288
10650 0.00305257
10655 0.00305226
10660 0.00305195
10665 0.00305163
10670 0.00305132
10675 0.00305101
10680 0.0030507
10685 0.00305039
10690 0.00305008
10695 0.00304977
10700 0.00304946
10705 0.00304915
10710 0.00304884
10715 0.00304853
10720 0.00304821
10725 0.0030479
10730 0.00304759
10735 0.00304728
10740 0.00304697
10745 0.00304666
10750 0.00304635
10755 0.00304604
10760 0.00304573
10765 0.00304542
10770 0.00304511
10775 0.00304479
10780 0.00304448
10785 0.00304417
10790 0.00304386
10795 0.00304355
10800 0.00304324
10805 0.00304293
10810 0.00304262
10815 0.00304231
10820 0.003042
10825 0.00304168
10830 0.00304137
10835 0.00304106
10840 0.00304075
10845 0.00304044
10850 0.00304013
10855 0.00303982
10860 0.00303951
10865 0.0030392
10870 0.00303889
10875 0.00303858
10880 0.00303836
10885 0.00304144
10890 0.00305508
10895 0.00308607
10900 0.00313134
10905 0.00318809
10910 0.0032575
10915 0.0033308
10920 0.00340421
10925 0.00348756
10930 0.00357957
10935 0.00367642
10940 0.00378032
10945 0.00388989
10950 0.00400283
10955 0.00411956
10960 0.00424545
10965 0.00437976
10970 0.00437313
10975 0.00354678
10980 0.00264567
10985 0.00171158
10990 0.000760562
10995 0
