@MEASUREMENT_RADIUS 7 cm
# lambda : Angstroms 
# tr : transmission ([0,1]) 
# end
3275 0
3280 0.00229912
3285 0.00480401
3290 0.00621641
3295 0.0082838
3300 0.0112767
3305 0.0156254
3310 0.0221337
3315 0.0317283
3320 0.0457673
3325 0.0661053
3330 0.0944368
3335 0.133091
3340 0.183417
3345 0.242882
3350 0.309555
3355 0.379498
3360 0.447369
3365 0.509894
3370 0.562958
3375 0.60385
3380 0.631917
3385 0.648395
3390 0.655694
3395 0.657227
3400 0.652847
3405 0.643662
3410 0.631788
3415 0.620883
3420 0.613204
3425 0.60764
3430 0.600835
3435 0.592505
3440 0.586821
3445 0.590622
3450 0.609998
3455 0.645626
3460 0.690144
3465 0.731317
3470 0.758503
3475 0.764975
3480 0.75211
3485 0.721707
3490 0.687517
3495 0.677824
3500 0.68644
3505 0.706757
3510 0.732313
3515 0.755245
3520 0.770356
3525 0.777518
3530 0.780309
3535 0.78313
3540 0.788434
3545 0.796203
3550 0.803886
3555 0.808121
3560 0.806734
3565 0.799488
3570 0.784371
3575 0.759144
3580 0.723551
3585 0.68188
3590 0.642345
3595 0.616272
3600 0.612467
3605 0.631205
3610 0.664231
3615 0.700353
3620 0.730282
3625 0.750602
3630 0.764277
3635 0.774582
3640 0.782027
3645 0.784075
3650 0.777225
3655 0.761207
3660 0.740594
3665 0.723099
3670 0.711829
3675 0.702911
3680 0.68666
3685 0.65376
3690 0.603726
3695 0.547219
3700 0.501242
3705 0.480628
3710 0.488144
3715 0.514233
3720 0.543296
3725 0.562274
3730 0.567541
3735 0.565165
3740 0.561879
3745 0.559315
3750 0.552947
3755 0.538836
3760 0.520034
3765 0.507459
3770 0.513176
3775 0.542067
3780 0.586555
3785 0.630361
3790 0.659689
3795 0.669687
3800 0.668193
3805 0.668383
3810 0.679766
3815 0.703917
3820 0.734191
3825 0.761546
3830 0.781605
3835 0.794593
3840 0.802835
3845 0.808037
3850 0.810193
3855 0.808662
3860 0.803847
3865 0.797118
3870 0.787809
3875 0.773627
3880 0.751931
3885 0.722778
3890 0.69126
3895 0.665117
3900 0.651336
3905 0.65276
3910 0.66598
3915 0.683092
3920 0.696279
3925 0.701658
3930 0.700063
3935 0.695905
3940 0.694694
3945 0.699547
3950 0.710279
3955 0.724153
3960 0.737551
3965 0.747787
3970 0.753241
3975 0.753711
3980 0.750192
3985 0.744443
3990 0.738447
3995 0.73392
4000 0.73174
4005 0.730935
4010 0.729251
4015 0.72411
4020 0.714146
4025 0.701069
4030 0.688463
4035 0.680172
4040 0.679247
4045 0.685783
4050 0.696133
4055 0.704296
4060 0.704748
4065 0.694646
4070 0.673701
4075 0.644295
4080 0.609746
4085 0.572306
4090 0.533134
4095 0.491773
4100 0.448065
4105 0.402596
4110 0.355903
4115 0.310177
4120 0.267825
4125 0.229568
4130 0.195824
4135 0.166547
4140 0.141491
4145 0.120366
4150 0.10236
4155 0.0872235
4160 0.074649
4165 0.0640942
4170 0.0552473
4175 0.0477829
4180 0.0414227
4185 0.0360449
4190 0.0314374
4195 0.0274708
4200 0.0240659
4205 0.0210967
4210 0.018528
4215 0.0163066
4220 0.0143747
4225 0.012695
4230 0.0112209
4235 0.00993207
4240 0.00880557
4245 0.00782447
4250 0.00696311
4255 0.00619649
4260 0.00552885
4265 0.00494766
4270 0.00446256
4275 0.00406559
4280 0.00370856
4285 0.00339801
4290 0.00317847
4295 0.00308097
4300 0.00306873
4305 0.00306868
4310 0.00306864
4315 0.0030686
4320 0.00306855
4325 0.00306851
4330 0.00306846
4335 0.00306842
4340 0.00306838
4345 0.00306833
4350 0.00306829
4355 0.00306824
4360 0.0030682
4365 0.00306816
4370 0.00306811
4375 0.00306807
4380 0.00306802
4385 0.00306798
4390 0.00306794
4395 0.00306789
4400 0.00306785
4405 0.0030678
4410 0.00306776
4415 0.00306772
4420 0.00306767
4425 0.00306763
4430 0.00306758
4435 0.00306754
4440 0.0030675
4445 0.00306745
4450 0.00306741
4455 0.00306737
4460 0.00306732
4465 0.00306728
4470 0.00306723
4475 0.00306719
4480 0.00306715
4485 0.0030671
4490 0.00306706
4495 0.00306701
4500 0.00306697
4505 0.00306693
4510 0.00306688
4515 0.00306684
4520 0.00306679
4525 0.00306675
4530 0.00306671
4535 0.00306666
4540 0.00306662
4545 0.00306657
4550 0.00306653
4555 0.00306649
4560 0.00306644
4565 0.0030664
4570 0.00306636
4575 0.00306631
4580 0.00306627
4585 0.00306622
4590 0.00306618
4595 0.00306614
4600 0.00306609
4605 0.00306605
4610 0.003066
4615 0.00306596
4620 0.00306592
4625 0.00306587
4630 0.00306583
4635 0.00306578
4640 0.00306574
4645 0.0030657
4650 0.00306565
4655 0.00306561
4660 0.00306556
4665 0.00306552
4670 0.00306548
4675 0.00306543
4680 0.00306539
4685 0.00306534
4690 0.0030653
4695 0.00306526
4700 0.00306521
4705 0.00306517
4710 0.00306513
4715 0.00306508
4720 0.00306504
4725 0.00306499
4730 0.00306495
4735 0.00306491
4740 0.00306486
4745 0.00306482
4750 0.00306477
4755 0.00306473
4760 0.00306469
4765 0.00306464
4770 0.0030646
4775 0.00306455
4780 0.00306451
4785 0.00306447
4790 0.00306442
4795 0.00306438
4800 0.00306433
4805 0.00306429
4810 0.00306425
4815 0.0030642
4820 0.00306416
4825 0.00306411
4830 0.00306407
4835 0.00306403
4840 0.00306398
4845 0.00306394
4850 0.0030639
4855 0.00306385
4860 0.00306381
4865 0.00306376
4870 0.00306372
4875 0.00306368
4880 0.00306363
4885 0.00306359
4890 0.00306354
4895 0.0030635
4900 0.00306346
4905 0.00306341
4910 0.00306337
4915 0.00306332
4920 0.00306328
4925 0.00306324
4930 0.00306319
4935 0.00306315
4940 0.0030631
4945 0.00306306
4950 0.00306302
4955 0.00306297
4960 0.00306293
4965 0.00306288
4970 0.00306284
4975 0.0030628
4980 0.00306275
4985 0.00306271
4990 0.00306267
4995 0.00306262
5000 0.00306258
5005 0.00306253
5010 0.00306249
5015 0.00306245
5020 0.0030624
5025 0.00306236
5030 0.00310393
5035 0.00327555
5040 0.00357297
5045 0.00390332
5050 0.00424242
5055 0.00457381
5060 0.00487023
5065 0.00512016
5070 0.00532215
5075 0.00546593
5080 0.00554674
5085 0.00554304
5090 0.00542148
5095 0.00515294
5100 0.00471848
5105 0.0041423
5110 0.00358673
5115 0.00330041
5120 0.00327062
5125 0.0032704
5130 0.00327018
5135 0.00326996
5140 0.00326974
5145 0.00326952
5150 0.00326929
5155 0.00326907
5160 0.00326885
5165 0.00326863
5170 0.00326841
5175 0.00326819
5180 0.00326797
5185 0.00326775
5190 0.00326752
5195 0.0032673
5200 0.00326708
5205 0.00326686
5210 0.00326664
5215 0.00326642
5220 0.0032662
5225 0.00326598
5230 0.00326575
5235 0.00326553
5240 0.00326531
5245 0.00326509
5250 0.00326487
5255 0.00326465
5260 0.00326443
5265 0.0032642
5270 0.00326398
5275 0.00326376
5280 0.00326354
5285 0.00326332
5290 0.0032631
5295 0.00326288
5300 0.00326266
5305 0.00326243
5310 0.00326221
5315 0.00326199
5320 0.00326177
5325 0.00326155
5330 0.00326133
5335 0.00326111
5340 0.00326089
5345 0.00326066
5350 0.00326044
5355 0.00326022
5360 0.00326
5365 0.00325978
5370 0.00325956
5375 0.00325934
5380 0.00325912
5385 0.00325889
5390 0.00325867
5395 0.00325845
5400 0.00325823
5405 0.00325801
5410 0.00325779
5415 0.00325757
5420 0.00325735
5425 0.00325712
5430 0.0032569
5435 0.00325668
5440 0.00325646
5445 0.00325624
5450 0.00325602
5455 0.0032558
5460 0.00325558
5465 0.00325535
5470 0.00325513
5475 0.00325491
5480 0.00325469
5485 0.00325447
5490 0.00325425
5495 0.00325403
5500 0.00325381
5505 0.00325358
5510 0.00325336
5515 0.00325314
5520 0.00325292
5525 0.0032527
5530 0.00325248
5535 0.00325226
5540 0.00325204
5545 0.00325181
5550 0.00325159
5555 0.00325137
5560 0.00325115
5565 0.00325093
5570 0.00325071
5575 0.00325049
5580 0.00325027
5585 0.00325004
5590 0.00324982
5595 0.0032496
5600 0.00324938
5605 0.00324916
5610 0.00324894
5615 0.00324872
5620 0.00324849
5625 0.00324827
5630 0.00324805
5635 0.00324783
5640 0.00324761
5645 0.00324739
5650 0.00324717
5655 0.00324695
5660 0.00324672
5665 0.0032465
5670 0.00324628
5675 0.00324606
5680 0.00324584
5685 0.00324562
5690 0.0032454
5695 0.00324518
5700 0.00324495
5705 0.00324473
5710 0.00324451
5715 0.00324429
5720 0.00324407
5725 0.00324385
5730 0.00324363
5735 0.00324341
5740 0.00324318
5745 0.00324296
5750 0.00324274
5755 0.00324252
5760 0.0032423
5765 0.00324208
5770 0.00324186
5775 0.00324164
5780 0.00324141
5785 0.00324119
5790 0.00324097
5795 0.00324075
5800 0.00324053
5805 0.00324031
5810 0.00324009
5815 0.00323987
5820 0.00323964
5825 0.00323942
5830 0.0032392
5835 0.00323898
5840 0.00323876
5845 0.00323854
5850 0.00323832
5855 0.0032381
5860 0.00323787
5865 0.00323765
5870 0.00323743
5875 0.00323721
5880 0.00323699
5885 0.00323677
5890 0.00323655
5895 0.00323633
5900 0.0032361
5905 0.00323588
5910 0.00323566
5915 0.00323544
5920 0.00323522
5925 0.003235
5930 0.00323478
5935 0.00323456
5940 0.00323433
5945 0.00323411
5950 0.00323389
5955 0.00323367
5960 0.00323345
5965 0.00323323
5970 0.00323301
5975 0.00323279
5980 0.00323256
5985 0.00323234
5990 0.00323212
5995 0.0032319
6000 0.00323168
6005 0.00323146
6010 0.00323124
6015 0.00323101
6020 0.00323079
6025 0.00323057
6030 0.00323035
6035 0.00323013
6040 0.00322991
6045 0.00322969
6050 0.00322947
6055 0.00322924
6060 0.00322902
6065 0.0032288
6070 0.00322858
6075 0.00322836
6080 0.00322814
6085 0.00322792
6090 0.0032277
6095 0.00322747
6100 0.00322725
6105 0.00322703
6110 0.00322681
6115 0.00322659
6120 0.00322637
6125 0.00322615
6130 0.00322593
6135 0.0032257
6140 0.00322548
6145 0.00322526
6150 0.00322504
6155 0.00322482
6160 0.0032246
6165 0.00322438
6170 0.00322416
6175 0.00322393
6180 0.00322371
6185 0.00322349
6190 0.00322327
6195 0.00322305
6200 0.00322283
6205 0.00322261
6210 0.00322239
6215 0.00322216
6220 0.00322194
6225 0.00322172
6230 0.0032215
6235 0.00322128
6240 0.00322106
6245 0.00322084
6250 0.00322062
6255 0.00322039
6260 0.00322017
6265 0.00321995
6270 0.00321973
6275 0.00321951
6280 0.00321929
6285 0.00321907
6290 0.00321885
6295 0.00321862
6300 0.0032184
6305 0.00321818
6310 0.00321796
6315 0.00321774
6320 0.00321752
6325 0.0032173
6330 0.00321708
6335 0.00321685
6340 0.00321663
6345 0.00321641
6350 0.00321619
6355 0.00321597
6360 0.00321575
6365 0.00321553
6370 0.0032153
6375 0.00321508
6380 0.00321486
6385 0.00321464
6390 0.00321442
6395 0.0032142
6400 0.00321398
6405 0.00321376
6410 0.00321353
6415 0.00321331
6420 0.00321309
6425 0.00321287
6430 0.00321265
6435 0.00321243
6440 0.00321221
6445 0.00321199
6450 0.00321176
6455 0.00321154
6460 0.00321132
6465 0.0032111
6470 0.00321088
6475 0.00321066
6480 0.00321044
6485 0.00321022
6490 0.00320999
6495 0.00320977
6500 0.00320955
6505 0.00320933
6510 0.00320911
6515 0.00320889
6520 0.00320867
6525 0.00320845
6530 0.00320822
6535 0.003208
6540 0.00320778
6545 0.00320756
6550 0.00320734
6555 0.00320712
6560 0.0032069
6565 0.00320668
6570 0.00320645
6575 0.00320623
6580 0.00320601
6585 0.00320579
6590 0.00320557
6595 0.00320535
6600 0.00320513
6605 0.00320491
6610 0.00320468
6615 0.00320446
6620 0.00320424
6625 0.00320402
6630 0.0032038
6635 0.00320358
6640 0.00320336
6645 0.00320314
6650 0.00320291
6655 0.00320269
6660 0.00320247
6665 0.00320225
6670 0.00320203
6675 0.00320181
6680 0.00320159
6685 0.00320137
6690 0.00320114
6695 0.00320092
6700 0.0032007
6705 0.00320048
6710 0.00320026
6715 0.00320004
6720 0.00319982
6725 0.00319959
6730 0.00319937
6735 0.00319915
6740 0.00319893
6745 0.00319871
6750 0.00319849
6755 0.00319827
6760 0.00319805
6765 0.00319782
6770 0.0031976
6775 0.00319738
6780 0.00319716
6785 0.00319694
6790 0.00319672
6795 0.0031965
6800 0.00319628
6805 0.00319605
6810 0.00319583
6815 0.00319561
6820 0.00319539
6825 0.00319517
6830 0.00319495
6835 0.00319473
6840 0.00319451
6845 0.00319428
6850 0.00319406
6855 0.00319384
6860 0.00319362
6865 0.0031934
6870 0.00319318
6875 0.00319296
6880 0.00319274
6885 0.00319251
6890 0.00319229
6895 0.00319207
6900 0.00319185
6905 0.00319163
6910 0.00319141
6915 0.00319119
6920 0.00319097
6925 0.00319074
6930 0.00319052
6935 0.0031903
6940 0.00319008
6945 0.00318986
6950 0.00318964
6955 0.00318942
6960 0.0031892
6965 0.00318897
6970 0.00318875
6975 0.00318853
6980 0.00318831
6985 0.00318809
6990 0.00318787
6995 0.00318765
7000 0.00318743
7005 0.0031872
7010 0.00318698
7015 0.00318676
7020 0.00318654
7025 0.00318632
7030 0.0031861
7035 0.00318588
7040 0.00318566
7045 0.00318543
7050 0.00318521
7055 0.00318499
7060 0.00318477
7065 0.00318455
7070 0.00318433
7075 0.00318411
7080 0.00318388
7085 0.00318366
7090 0.00318344
7095 0.00318322
7100 0.003183
7105 0.00318278
7110 0.00318256
7115 0.00318234
7120 0.00318211
7125 0.00318189
7130 0.00318167
7135 0.00318145
7140 0.00318123
7145 0.00318101
7150 0.00318079
7155 0.00318057
7160 0.00318034
7165 0.00318012
7170 0.0031799
7175 0.00317968
7180 0.00317946
7185 0.00317924
7190 0.00317902
7195 0.0031788
7200 0.00317857
7205 0.00317835
7210 0.00317813
7215 0.00317791
7220 0.00317769
7225 0.00317747
7230 0.00317725
7235 0.00317703
7240 0.0031768
7245 0.00317658
7250 0.00317636
7255 0.00317614
7260 0.00317592
7265 0.0031757
7270 0.00317548
7275 0.00317526
7280 0.00317503
7285 0.00317481
7290 0.00317459
7295 0.00317437
7300 0.00317415
7305 0.00317393
7310 0.00317371
7315 0.00317349
7320 0.00317326
7325 0.00317304
7330 0.00317282
7335 0.0031726
7340 0.00317238
7345 0.00317216
7350 0.00317194
7355 0.00317172
7360 0.00317149
7365 0.00317127
7370 0.00317105
7375 0.00317083
7380 0.00317061
7385 0.00317039
7390 0.00317017
7395 0.00316995
7400 0.00316972
7405 0.0031695
7410 0.00316928
7415 0.00316906
7420 0.00316884
7425 0.00316862
7430 0.0031684
7435 0.00316817
7440 0.00316795
7445 0.00316773
7450 0.00316751
7455 0.00316729
7460 0.00316707
7465 0.00316685
7470 0.00316663
7475 0.0031664
7480 0.00316618
7485 0.00316596
7490 0.00316574
7495 0.00316552
7500 0.0031653
7505 0.00316508
7510 0.00316486
7515 0.00316463
7520 0.00316441
7525 0.00316419
7530 0.00316397
7535 0.00316375
7540 0.00316353
7545 0.00316331
7550 0.00316309
7555 0.00316286
7560 0.00316264
7565 0.00316242
7570 0.0031622
7575 0.00316198
7580 0.00316176
7585 0.00316154
7590 0.00316132
7595 0.00316109
7600 0.00316087
7605 0.00316065
7610 0.00316043
7615 0.00316021
7620 0.00315999
7625 0.00315977
7630 0.00315955
7635 0.00315932
7640 0.0031591
7645 0.00315888
7650 0.00315866
7655 0.00315844
7660 0.00315822
7665 0.003158
7670 0.00315778
7675 0.00315755
7680 0.00315733
7685 0.00315711
7690 0.00315689
7695 0.00315667
7700 0.00315645
7705 0.00315623
7710 0.00315601
7715 0.00315578
7720 0.00315556
7725 0.00315534
7730 0.00315512
7735 0.0031549
7740 0.00315468
7745 0.00315446
7750 0.00315424
7755 0.00315401
7760 0.00315379
7765 0.00315357
7770 0.00315335
7775 0.00315313
7780 0.00315291
7785 0.00315269
7790 0.00315246
7795 0.00315224
7800 0.00315202
7805 0.0031518
7810 0.00315158
7815 0.00315136
7820 0.00315114
7825 0.00315092
7830 0.00315069
7835 0.00315047
7840 0.00315025
7845 0.00315003
7850 0.00314981
7855 0.00314959
7860 0.00314937
7865 0.00314915
7870 0.00314892
7875 0.0031487
7880 0.00314848
7885 0.00314826
7890 0.00314804
7895 0.00314782
7900 0.0031476
7905 0.00314738
7910 0.00314715
7915 0.00314693
7920 0.00314671
7925 0.00314649
7930 0.00314627
7935 0.00314605
7940 0.00314583
7945 0.00314561
7950 0.00314538
7955 0.00314516
7960 0.00314494
7965 0.00314472
7970 0.0031445
7975 0.00314428
7980 0.00314406
7985 0.00314384
7990 0.00314361
7995 0.00314339
8000 0.00314317
8005 0.00314295
8010 0.00314273
8015 0.00314251
8020 0.00314229
8025 0.00314207
8030 0.00314184
8035 0.00314162
8040 0.0031414
8045 0.00314118
8050 0.00314096
8055 0.00314074
8060 0.00314052
8065 0.0031403
8070 0.00314007
8075 0.00313985
8080 0.00313963
8085 0.00313941
8090 0.00313919
8095 0.00313897
8100 0.00313875
8105 0.00313853
8110 0.0031383
8115 0.00313808
8120 0.00313786
8125 0.00313764
8130 0.00313742
8135 0.0031372
8140 0.00313698
8145 0.00313675
8150 0.00313653
8155 0.00313631
8160 0.00313609
8165 0.00313587
8170 0.00313565
8175 0.00313543
8180 0.00313521
8185 0.00313498
8190 0.00313476
8195 0.00313454
8200 0.00313432
8205 0.0031341
8210 0.00313388
8215 0.00313366
8220 0.00313344
8225 0.00313321
8230 0.00313299
8235 0.00313277
8240 0.00313255
8245 0.00313233
8250 0.00313211
8255 0.00313189
8260 0.00313167
8265 0.00313144
8270 0.00313122
8275 0.003131
8280 0.00313078
8285 0.00313056
8290 0.00313034
8295 0.00313012
8300 0.0031299
8305 0.00312967
8310 0.00312945
8315 0.00312923
8320 0.00312901
8325 0.00312879
8330 0.00312857
8335 0.00312835
8340 0.00312813
8345 0.0031279
8350 0.00312768
8355 0.00312746
8360 0.00312724
8365 0.00312702
8370 0.0031268
8375 0.00312658
8380 0.00312636
8385 0.00312613
8390 0.00312591
8395 0.00312569
8400 0.00312547
8405 0.00312525
8410 0.00312503
8415 0.00312481
8420 0.00312459
8425 0.00312436
8430 0.00312414
8435 0.00312392
8440 0.0031237
8445 0.00312348
8450 0.00312326
8455 0.00312304
8460 0.00312282
8465 0.00312259
8470 0.00312237
8475 0.00312215
8480 0.00312193
8485 0.00312171
8490 0.00312149
8495 0.00312127
8500 0.00312104
8505 0.00312082
8510 0.0031206
8515 0.00312038
8520 0.00312016
8525 0.00311994
8530 0.00311972
8535 0.0031195
8540 0.00311927
8545 0.00311905
8550 0.00311883
8555 0.00311861
8560 0.00311839
8565 0.00311817
8570 0.00311795
8575 0.00311773
8580 0.0031175
8585 0.00311728
8590 0.00311706
8595 0.00311684
8600 0.00311662
8605 0.0031164
8610 0.00311618
8615 0.00311596
8620 0.00311573
8625 0.00311551
8630 0.00311529
8635 0.00311507
8640 0.00311485
8645 0.00311463
8650 0.00311441
8655 0.00311419
8660 0.00311396
8665 0.00311374
8670 0.00311352
8675 0.0031133
8680 0.00311308
8685 0.00311286
8690 0.00311264
8695 0.00311242
8700 0.00311219
8705 0.00311197
8710 0.00311175
8715 0.00311153
8720 0.00311131
8725 0.00311109
8730 0.00311087
8735 0.00311065
8740 0.00311042
8745 0.0031102
8750 0.00310998
8755 0.00310976
8760 0.00310954
8765 0.00310932
8770 0.0031091
8775 0.00310888
8780 0.00310865
8785 0.00310843
8790 0.00310821
8795 0.00310799
8800 0.00310777
8805 0.00310755
8810 0.00310733
8815 0.00310711
8820 0.00310688
8825 0.00310666
8830 0.00310644
8835 0.00310622
8840 0.003106
8845 0.00310578
8850 0.00310556
8855 0.00310533
8860 0.00310511
8865 0.00310489
8870 0.00310467
8875 0.00310445
8880 0.00310423
8885 0.00310401
8890 0.00310379
8895 0.00310356
8900 0.00310334
8905 0.00310312
8910 0.0031029
8915 0.00310268
8920 0.00310246
8925 0.00310224
8930 0.00310202
8935 0.00310179
8940 0.00310157
8945 0.00310135
8950 0.00310113
8955 0.00310091
8960 0.00310069
8965 0.00310047
8970 0.00310025
8975 0.00310002
8980 0.0030998
8985 0.00309958
8990 0.00309936
8995 0.00309914
9000 0.00309892
9005 0.0030987
9010 0.00309848
9015 0.00309825
9020 0.00309803
9025 0.00309781
9030 0.00309759
9035 0.00309737
9040 0.00309715
9045 0.00309693
9050 0.00309671
9055 0.00309648
9060 0.00309626
9065 0.00309604
9070 0.00309582
9075 0.0030956
9080 0.00309538
9085 0.00309516
9090 0.00309494
9095 0.00309471
9100 0.00309449
9105 0.00309427
9110 0.00309405
9115 0.00309383
9120 0.00309361
9125 0.00309339
9130 0.00309317
9135 0.00309294
9140 0.00309272
9145 0.0030925
9150 0.00309228
9155 0.00309206
9160 0.00309184
9165 0.00309162
9170 0.0030914
9175 0.00309117
9180 0.00309095
9185 0.00309073
9190 0.00309051
9195 0.00309029
9200 0.00309007
9205 0.00308985
9210 0.00308962
9215 0.0030894
9220 0.00308918
9225 0.00308896
9230 0.00308874
9235 0.00308852
9240 0.0030883
9245 0.00308808
9250 0.00308785
9255 0.00308763
9260 0.00308741
9265 0.00308719
9270 0.00308697
9275 0.00308675
9280 0.00308653
9285 0.00308631
9290 0.00308608
9295 0.00308586
9300 0.00308564
9305 0.00308542
9310 0.0030852
9315 0.00308498
9320 0.00308476
9325 0.00308454
9330 0.00308431
9335 0.00308409
9340 0.00308387
9345 0.00308365
9350 0.00308343
9355 0.00308321
9360 0.00308299
9365 0.00308277
9370 0.00308254
9375 0.00308232
9380 0.0030821
9385 0.00308188
9390 0.00308166
9395 0.00308144
9400 0.00308122
9405 0.003081
9410 0.00308077
9415 0.00308055
9420 0.00308033
9425 0.00308011
9430 0.00307989
9435 0.00307967
9440 0.00307945
9445 0.00307923
9450 0.003079
9455 0.00307878
9460 0.00307856
9465 0.00307834
9470 0.00307812
9475 0.0030779
9480 0.00307768
9485 0.00307746
9490 0.00307723
9495 0.00307701
9500 0.00307679
9505 0.00307657
9510 0.00307635
9515 0.00307613
9520 0.00307591
9525 0.00307569
9530 0.00307546
9535 0.00307524
9540 0.00307502
9545 0.0030748
9550 0.00307458
9555 0.00307436
9560 0.00307414
9565 0.00307391
9570 0.00307369
9575 0.00307347
9580 0.00307325
9585 0.00307303
9590 0.00307281
9595 0.00307259
9600 0.00307237
9605 0.00307214
9610 0.00307192
9615 0.0030717
9620 0.00307148
9625 0.00307126
9630 0.00307104
9635 0.00307082
9640 0.0030706
9645 0.00307037
9650 0.00307015
9655 0.00306993
9660 0.00306971
9665 0.00306949
9670 0.00306927
9675 0.00306905
9680 0.00306883
9685 0.0030686
9690 0.00306838
9695 0.00306816
9700 0.00306794
9705 0.00306772
9710 0.0030675
9715 0.00306728
9720 0.00306706
9725 0.00306683
9730 0.00306661
9735 0.00306639
9740 0.00306617
9745 0.00306595
9750 0.00306573
9755 0.00306551
9760 0.00306529
9765 0.00306506
9770 0.00306484
9775 0.00306462
9780 0.0030644
9785 0.00306418
9790 0.00306396
9795 0.00306374
9800 0.00306352
9805 0.00306329
9810 0.00306307
9815 0.00306285
9820 0.00306263
9825 0.00306241
9830 0.00306219
9835 0.00306197
9840 0.00306175
9845 0.00306152
9850 0.0030613
9855 0.00306108
9860 0.00306086
9865 0.00306064
9870 0.00306042
9875 0.0030602
9880 0.00305998
9885 0.00305975
9890 0.00305953
9895 0.00305931
9900 0.00305909
9905 0.00305887
9910 0.00305865
9915 0.00305843
9920 0.0030582
9925 0.00305798
9930 0.00305776
9935 0.00305754
9940 0.00305732
9945 0.0030571
9950 0.00305688
9955 0.00305666
9960 0.00305643
9965 0.00305621
9970 0.00305599
9975 0.00305577
9980 0.00305555
9985 0.00305533
9990 0.00305511
9995 0.00305489
10000 0.00305466
10005 0.00305444
10010 0.00305422
10015 0.003054
10020 0.00305378
10025 0.00305356
10030 0.00305334
10035 0.00305312
10040 0.00305289
10045 0.00305267
10050 0.00305245
10055 0.00305223
10060 0.00305201
10065 0.00305179
10070 0.00305157
10075 0.00305135
10080 0.00305112
10085 0.0030509
10090 0.00305068
10095 0.00305046
10100 0.00305024
10105 0.00305002
10110 0.0030498
10115 0.00304958
10120 0.00304935
10125 0.00304913
10130 0.00304891
10135 0.00304869
10140 0.00304847
10145 0.00304825
10150 0.00304803
10155 0.00304781
10160 0.00304758
10165 0.00304736
10170 0.00304714
10175 0.00304692
10180 0.0030467
10185 0.00304648
10190 0.00304626
10195 0.00304604
10200 0.00304581
10205 0.00304559
10210 0.00304537
10215 0.00304515
10220 0.00304493
10225 0.00304471
10230 0.00304449
10235 0.00304427
10240 0.00304404
10245 0.00304382
10250 0.0030436
10255 0.00304338
10260 0.00304316
10265 0.00304294
10270 0.00304272
10275 0.00304249
10280 0.00304227
10285 0.00304205
10290 0.00304183
10295 0.00304161
10300 0.00304139
10305 0.00304117
10310 0.00304095
10315 0.00304072
10320 0.0030405
10325 0.00304028
10330 0.00304006
10335 0.00303984
10340 0.00303962
10345 0.0030394
10350 0.00303918
10355 0.00303895
10360 0.00303873
10365 0.00303851
10370 0.00303829
10375 0.00303807
10380 0.00303785
10385 0.00303763
10390 0.00303741
10395 0.00303718
10400 0.00303696
10405 0.00303674
10410 0.00303652
10415 0.0030363
10420 0.00303608
10425 0.00303586
10430 0.00303564
10435 0.00303541
10440 0.00303519
10445 0.00303497
10450 0.00303475
10455 0.00303453
10460 0.00303431
10465 0.00303409
10470 0.00303387
10475 0.00303364
10480 0.00303342
10485 0.0030332
10490 0.00303298
10495 0.00303276
10500 0.00303254
10505 0.00303232
10510 0.0030321
10515 0.00303187
10520 0.00303165
10525 0.00303143
10530 0.00303121
10535 0.00303099
10540 0.00303077
10545 0.00303055
10550 0.00303033
10555 0.0030301
10560 0.00302988
10565 0.00302966
10570 0.00302944
10575 0.00302922
10580 0.003029
10585 0.00302878
10590 0.00302856
10595 0.00302833
10600 0.00302811
10605 0.00302789
10610 0.00302767
10615 0.00302745
10620 0.00302723
10625 0.00302701
10630 0.00302678
10635 0.00302656
10640 0.00302634
10645 0.00302612
10650 0.0030259
10655 0.00302568
10660 0.00302546
10665 0.00302524
10670 0.00302501
10675 0.00302479
10680 0.00302457
10685 0.00302435
10690 0.00302413
10695 0.00302391
10700 0.00302369
10705 0.00302347
10710 0.00302324
10715 0.00302302
10720 0.0030228
10725 0.00302258
10730 0.00302236
10735 0.00302214
10740 0.00302192
10745 0.0030217
10750 0.00302147
10755 0.00302125
10760 0.00302103
10765 0.00302081
10770 0.00302059
10775 0.00302037
10780 0.00302015
10785 0.00301993
10790 0.0030197
10795 0.00301948
10800 0.00301926
10805 0.00301904
10810 0.00301882
10815 0.0030186
10820 0.00301838
10825 0.00301816
10830 0.00301793
10835 0.00301771
10840 0.00301749
10845 0.00301727
10850 0.00301705
10855 0.00301683
10860 0.00301661
10865 0.00301639
10870 0.00301616
10875 0.00301594
10880 0.00301582
10885 0.00301776
10890 0.00302967
10895 0.00305973
10900 0.00310411
10905 0.00315696
10910 0.0032224
10915 0.00329505
10920 0.00336713
10925 0.00344346
10930 0.00353118
10935 0.00362655
10940 0.00372239
10945 0.00382336
10950 0.00393457
10955 0.00404729
10960 0.00416226
10965 0.00429097
10970 0.00423162
10975 0.00346503
10980 0.00258156
10985 0.0016734
10990 0.00073947
10995 0
