@MEASUREMENT_RADIUS 9.3 cm
# lambda : Angstroms 
# tr : transmission ([0,1]) 
# end
3275 4.2258e-07
3280 0.00195015
3285 0.00404142
3290 0.00515528
3295 0.00676008
3300 0.00905047
3305 0.0123857
3310 0.0173368
3315 0.0246726
3320 0.0353533
3325 0.0509616
3330 0.0730201
3335 0.103786
3340 0.144952
3345 0.196068
3350 0.2564
3355 0.323428
3360 0.393347
3365 0.463057
3370 0.527017
3375 0.581226
3380 0.623272
3385 0.651423
3390 0.667028
3395 0.674006
3400 0.672589
3405 0.664995
3410 0.654075
3415 0.642999
3420 0.635438
3425 0.629763
3430 0.622793
3435 0.613986
3440 0.606362
3445 0.60734
3450 0.623846
3455 0.656241
3460 0.698108
3465 0.737674
3470 0.764443
3475 0.772243
3480 0.761863
3485 0.733723
3490 0.700244
3495 0.689199
3500 0.69462
3505 0.710932
3510 0.732511
3515 0.752447
3520 0.765805
3525 0.772204
3530 0.77426
3535 0.776511
3540 0.782186
3545 0.79116
3550 0.800779
3555 0.807885
3560 0.810236
3565 0.807198
3570 0.797056
3575 0.777167
3580 0.746522
3585 0.708127
3590 0.669651
3595 0.642331
3600 0.635423
3605 0.65009
3610 0.678862
3615 0.711066
3620 0.737728
3625 0.755416
3630 0.766914
3635 0.775337
3640 0.781775
3645 0.783747
3650 0.777633
3655 0.762636
3660 0.742858
3665 0.726016
3670 0.715778
3675 0.70946
3680 0.697519
3685 0.669673
3690 0.623706
3695 0.568847
3700 0.521945
3705 0.499062
3710 0.504162
3715 0.528733
3720 0.557372
3725 0.576181
3730 0.581119
3735 0.578324
3740 0.574661
3745 0.572424
3750 0.56795
3755 0.556668
3760 0.540373
3765 0.528764
3770 0.533893
3775 0.561455
3780 0.605079
3785 0.649425
3790 0.680547
3795 0.692738
3800 0.692126
3805 0.690674
3810 0.697719
3815 0.715629
3820 0.739345
3825 0.761612
3830 0.778729
3835 0.790684
3840 0.799373
3845 0.805817
3850 0.809687
3855 0.810316
3860 0.808153
3865 0.804012
3870 0.797003
3875 0.784421
3880 0.763593
3885 0.734459
3890 0.70213
3895 0.674667
3900 0.659062
3905 0.658377
3910 0.669651
3915 0.68544
3920 0.698037
3925 0.703139
3930 0.700871
3935 0.695528
3940 0.692201
3945 0.694313
3950 0.702414
3955 0.714248
3960 0.726687
3965 0.737321
3970 0.74433
3975 0.746887
3980 0.745584
3985 0.741973
3990 0.737852
3995 0.735119
4000 0.73477
4005 0.735715
4010 0.735499
4015 0.731354
4020 0.721659
4025 0.708048
4030 0.694188
4035 0.684147
4040 0.681497
4045 0.686807
4050 0.697176
4055 0.707061
4060 0.711012
4065 0.705847
4070 0.69099
4075 0.668479
4080 0.641022
4085 0.610584
4090 0.578047
4095 0.542454
4100 0.503175
4105 0.460342
4110 0.414175
4115 0.366934
4120 0.321161
4125 0.278139
4130 0.239247
4135 0.204701
4140 0.174541
4145 0.148783
4150 0.126656
4155 0.107925
4160 0.0922702
4165 0.0791037
4170 0.0680327
4175 0.0586355
4180 0.0506266
4185 0.04387
4190 0.0380961
4195 0.0331527
4200 0.0289356
4205 0.0252898
4210 0.0221505
4215 0.0194364
4220 0.0170745
4225 0.0150311
4230 0.013237
4235 0.0116667
4240 0.0103073
4245 0.00911078
4250 0.00807079
4255 0.00716134
4260 0.00635759
4265 0.00566483
4270 0.00506848
4275 0.00455924
4280 0.00412576
4285 0.00375723
4290 0.00344116
4295 0.00317558
4300 0.00303627
4305 0.00301902
4310 0.00302057
4315 0.00302212
4320 0.00302367
4325 0.00302522
4330 0.00302676
4335 0.00302831
4340 0.00302986
4345 0.00303141
4350 0.00303296
4355 0.00303451
4360 0.00303606
4365 0.0030376
4370 0.00303915
4375 0.0030407
4380 0.00304225
4385 0.0030438
4390 0.00304535
4395 0.0030469
4400 0.00304845
4405 0.00304999
4410 0.00305154
4415 0.00305309
4420 0.00305464
4425 0.00305619
4430 0.00305774
4435 0.00305929
4440 0.00306084
4445 0.00306238
4450 0.00306393
4455 0.00306548
4460 0.00306703
4465 0.00306858
4470 0.00307013
4475 0.00307168
4480 0.00307323
4485 0.00307477
4490 0.00307632
4495 0.00307787
4500 0.00307942
4505 0.00308097
4510 0.00308252
4515 0.00308407
4520 0.00308561
4525 0.00308716
4530 0.00308871
4535 0.00309026
4540 0.00309181
4545 0.00309336
4550 0.00309491
4555 0.00309646
4560 0.003098
4565 0.00309955
4570 0.0031011
4575 0.00310265
4580 0.0031042
4585 0.00310575
4590 0.0031073
4595 0.00310885
4600 0.00311039
4605 0.00311194
4610 0.00311349
4615 0.00311504
4620 0.00311659
4625 0.00311814
4630 0.00311969
4635 0.00312124
4640 0.00312278
4645 0.00312433
4650 0.00312588
4655 0.00312743
4660 0.00312898
4665 0.00313053
4670 0.00313208
4675 0.00313362
4680 0.00313517
4685 0.00313672
4690 0.00313827
4695 0.00313982
4700 0.00314137
4705 0.00314292
4710 0.00314447
4715 0.00314601
4720 0.00314756
4725 0.00314911
4730 0.00315066
4735 0.00315221
4740 0.00315376
4745 0.00315531
4750 0.00315686
4755 0.0031584
4760 0.00315995
4765 0.0031615
4770 0.00316305
4775 0.0031646
4780 0.00316615
4785 0.0031677
4790 0.00316925
4795 0.00317079
4800 0.00317234
4805 0.00317389
4810 0.00317544
4815 0.00317699
4820 0.00317854
4825 0.00318009
4830 0.00318164
4835 0.00318318
4840 0.00318473
4845 0.00318628
4850 0.00318783
4855 0.00318938
4860 0.00319093
4865 0.00319248
4870 0.00319402
4875 0.00319557
4880 0.00319712
4885 0.00319867
4890 0.00320022
4895 0.00320177
4900 0.00320332
4905 0.00320487
4910 0.00320641
4915 0.00320796
4920 0.00320951
4925 0.00321106
4930 0.00321261
4935 0.00321416
4940 0.00321571
4945 0.00321726
4950 0.0032188
4955 0.00322035
4960 0.0032219
4965 0.00322345
4970 0.003225
4975 0.00322655
4980 0.0032281
4985 0.00322965
4990 0.00323119
4995 0.00323274
5000 0.00323429
5005 0.00323584
5010 0.00323739
5015 0.00323894
5020 0.00324049
5025 0.00324208
5030 0.00329389
5035 0.00349511
5040 0.00383408
5045 0.00419606
5050 0.00455312
5055 0.00489203
5060 0.00519229
5065 0.00544679
5070 0.00565608
5075 0.00581427
5080 0.00592442
5085 0.005971
5090 0.00591588
5095 0.00571846
5100 0.00534803
5105 0.00480856
5110 0.00414025
5115 0.00353053
5120 0.00322849
5125 0.00319697
5130 0.00319684
5135 0.00319671
5140 0.00319658
5145 0.00319645
5150 0.00319633
5155 0.0031962
5160 0.00319607
5165 0.00319594
5170 0.00319581
5175 0.00319568
5180 0.00319555
5185 0.00319543
5190 0.0031953
5195 0.00319517
5200 0.00319504
5205 0.00319491
5210 0.00319478
5215 0.00319465
5220 0.00319452
5225 0.0031944
5230 0.00319427
5235 0.00319414
5240 0.00319401
5245 0.00319388
5250 0.00319375
5255 0.00319362
5260 0.0031935
5265 0.00319337
5270 0.00319324
5275 0.00319311
5280 0.00319298
5285 0.00319285
5290 0.00319272
5295 0.00319259
5300 0.00319247
5305 0.00319234
5310 0.00319221
5315 0.00319208
5320 0.00319195
5325 0.00319182
5330 0.00319169
5335 0.00319157
5340 0.00319144
5345 0.00319131
5350 0.00319118
5355 0.00319105
5360 0.00319092
5365 0.00319079
5370 0.00319066
5375 0.00319054
5380 0.00319041
5385 0.00319028
5390 0.00319015
5395 0.00319002
5400 0.00318989
5405 0.00318976
5410 0.00318964
5415 0.00318951
5420 0.00318938
5425 0.00318925
5430 0.00318912
5435 0.00318899
5440 0.00318886
5445 0.00318874
5450 0.00318861
5455 0.00318848
5460 0.00318835
5465 0.00318822
5470 0.00318809
5475 0.00318796
5480 0.00318783
5485 0.00318771
5490 0.00318758
5495 0.00318745
5500 0.00318732
5505 0.00318719
5510 0.00318706
5515 0.00318693
5520 0.00318681
5525 0.00318668
5530 0.00318655
5535 0.00318642
5540 0.00318629
5545 0.00318616
5550 0.00318603
5555 0.0031859
5560 0.00318578
5565 0.00318565
5570 0.00318552
5575 0.00318539
5580 0.00318526
5585 0.00318513
5590 0.003185
5595 0.00318488
5600 0.00318475
5605 0.00318462
5610 0.00318449
5615 0.00318436
5620 0.00318423
5625 0.0031841
5630 0.00318397
5635 0.00318385
5640 0.00318372
5645 0.00318359
5650 0.00318346
5655 0.00318333
5660 0.0031832
5665 0.00318307
5670 0.00318295
5675 0.00318282
5680 0.00318269
5685 0.00318256
5690 0.00318243
5695 0.0031823
5700 0.00318217
5705 0.00318204
5710 0.00318192
5715 0.00318179
5720 0.00318166
5725 0.00318153
5730 0.0031814
5735 0.00318127
5740 0.00318114
5745 0.00318102
5750 0.00318089
5755 0.00318076
5760 0.00318063
5765 0.0031805
5770 0.00318037
5775 0.00318024
5780 0.00318011
5785 0.00317999
5790 0.00317986
5795 0.00317973
5800 0.0031796
5805 0.00317947
5810 0.00317934
5815 0.00317921
5820 0.00317909
5825 0.00317896
5830 0.00317883
5835 0.0031787
5840 0.00317857
5845 0.00317844
5850 0.00317831
5855 0.00317818
5860 0.00317806
5865 0.00317793
5870 0.0031778
5875 0.00317767
5880 0.00317754
5885 0.00317741
5890 0.00317728
5895 0.00317716
5900 0.00317703
5905 0.0031769
5910 0.00317677
5915 0.00317664
5920 0.00317651
5925 0.00317638
5930 0.00317625
5935 0.00317613
5940 0.003176
5945 0.00317587
5950 0.00317574
5955 0.00317561
5960 0.00317548
5965 0.00317535
5970 0.00317523
5975 0.0031751
5980 0.00317497
5985 0.00317484
5990 0.00317471
5995 0.00317458
6000 0.00317445
6005 0.00317432
6010 0.0031742
6015 0.00317407
6020 0.00317394
6025 0.00317381
6030 0.00317368
6035 0.00317355
6040 0.00317342
6045 0.0031733
6050 0.00317317
6055 0.00317304
6060 0.00317291
6065 0.00317278
6070 0.00317265
6075 0.00317252
6080 0.00317239
6085 0.00317227
6090 0.00317214
6095 0.00317201
6100 0.00317188
6105 0.00317175
6110 0.00317162
6115 0.00317149
6120 0.00317137
6125 0.00317124
6130 0.00317111
6135 0.00317098
6140 0.00317085
6145 0.00317072
6150 0.00317059
6155 0.00317047
6160 0.00317034
6165 0.00317021
6170 0.00317008
6175 0.00316995
6180 0.00316982
6185 0.00316969
6190 0.00316956
6195 0.00316944
6200 0.00316931
6205 0.00316918
6210 0.00316905
6215 0.00316892
6220 0.00316879
6225 0.00316866
6230 0.00316854
6235 0.00316841
6240 0.00316828
6245 0.00316815
6250 0.00316802
6255 0.00316789
6260 0.00316776
6265 0.00316763
6270 0.00316751
6275 0.00316738
6280 0.00316725
6285 0.00316712
6290 0.00316699
6295 0.00316686
6300 0.00316673
6305 0.00316661
6310 0.00316648
6315 0.00316635
6320 0.00316622
6325 0.00316609
6330 0.00316596
6335 0.00316583
6340 0.0031657
6345 0.00316558
6350 0.00316545
6355 0.00316532
6360 0.00316519
6365 0.00316506
6370 0.00316493
6375 0.0031648
6380 0.00316468
6385 0.00316455
6390 0.00316442
6395 0.00316429
6400 0.00316416
6405 0.00316403
6410 0.0031639
6415 0.00316377
6420 0.00316365
6425 0.00316352
6430 0.00316339
6435 0.00316326
6440 0.00316313
6445 0.003163
6450 0.00316287
6455 0.00316275
6460 0.00316262
6465 0.00316249
6470 0.00316236
6475 0.00316223
6480 0.0031621
6485 0.00316197
6490 0.00316184
6495 0.00316172
6500 0.00316159
6505 0.00316146
6510 0.00316133
6515 0.0031612
6520 0.00316107
6525 0.00316094
6530 0.00316082
6535 0.00316069
6540 0.00316056
6545 0.00316043
6550 0.0031603
6555 0.00316017
6560 0.00316004
6565 0.00315991
6570 0.00315979
6575 0.00315966
6580 0.00315953
6585 0.0031594
6590 0.00315927
6595 0.00315914
6600 0.00315901
6605 0.00315889
6610 0.00315876
6615 0.00315863
6620 0.0031585
6625 0.00315837
6630 0.00315824
6635 0.00315811
6640 0.00315798
6645 0.00315786
6650 0.00315773
6655 0.0031576
6660 0.00315747
6665 0.00315734
6670 0.00315721
6675 0.00315708
6680 0.00315696
6685 0.00315683
6690 0.0031567
6695 0.00315657
6700 0.00315644
6705 0.00315631
6710 0.00315618
6715 0.00315605
6720 0.00315593
6725 0.0031558
6730 0.00315567
6735 0.00315554
6740 0.00315541
6745 0.00315528
6750 0.00315515
6755 0.00315503
6760 0.0031549
6765 0.00315477
6770 0.00315464
6775 0.00315451
6780 0.00315438
6785 0.00315425
6790 0.00315412
6795 0.003154
6800 0.00315387
6805 0.00315374
6810 0.00315361
6815 0.00315348
6820 0.00315335
6825 0.00315322
6830 0.0031531
6835 0.00315297
6840 0.00315284
6845 0.00315271
6850 0.00315258
6855 0.00315245
6860 0.00315232
6865 0.0031522
6870 0.00315207
6875 0.00315194
6880 0.00315181
6885 0.00315168
6890 0.00315155
6895 0.00315142
6900 0.00315129
6905 0.00315117
6910 0.00315104
6915 0.00315091
6920 0.00315078
6925 0.00315065
6930 0.00315052
6935 0.00315039
6940 0.00315027
6945 0.00315014
6950 0.00315001
6955 0.00314988
6960 0.00314975
6965 0.00314962
6970 0.00314949
6975 0.00314936
6980 0.00314924
6985 0.00314911
6990 0.00314898
6995 0.00314885
7000 0.00314872
7005 0.00314859
7010 0.00314846
7015 0.00314834
7020 0.00314821
7025 0.00314808
7030 0.00314795
7035 0.00314782
7040 0.00314769
7045 0.00314756
7050 0.00314743
7055 0.00314731
7060 0.00314718
7065 0.00314705
7070 0.00314692
7075 0.00314679
7080 0.00314666
7085 0.00314653
7090 0.00314641
7095 0.00314628
7100 0.00314615
7105 0.00314602
7110 0.00314589
7115 0.00314576
7120 0.00314563
7125 0.0031455
7130 0.00314538
7135 0.00314525
7140 0.00314512
7145 0.00314499
7150 0.00314486
7155 0.00314473
7160 0.0031446
7165 0.00314448
7170 0.00314435
7175 0.00314422
7180 0.00314409
7185 0.00314396
7190 0.00314383
7195 0.0031437
7200 0.00314357
7205 0.00314345
7210 0.00314332
7215 0.00314319
7220 0.00314306
7225 0.00314293
7230 0.0031428
7235 0.00314267
7240 0.00314255
7245 0.00314242
7250 0.00314229
7255 0.00314216
7260 0.00314203
7265 0.0031419
7270 0.00314177
7275 0.00314164
7280 0.00314152
7285 0.00314139
7290 0.00314126
7295 0.00314113
7300 0.003141
7305 0.00314087
7310 0.00314074
7315 0.00314062
7320 0.00314049
7325 0.00314036
7330 0.00314023
7335 0.0031401
7340 0.00313997
7345 0.00313984
7350 0.00313971
7355 0.00313959
7360 0.00313946
7365 0.00313933
7370 0.0031392
7375 0.00313907
7380 0.00313894
7385 0.00313881
7390 0.00313869
7395 0.00313856
7400 0.00313843
7405 0.0031383
7410 0.00313817
7415 0.00313804
7420 0.00313791
7425 0.00313778
7430 0.00313766
7435 0.00313753
7440 0.0031374
7445 0.00313727
7450 0.00313714
7455 0.00313701
7460 0.00313688
7465 0.00313676
7470 0.00313663
7475 0.0031365
7480 0.00313637
7485 0.00313624
7490 0.00313611
7495 0.00313598
7500 0.00313585
7505 0.00313573
7510 0.0031356
7515 0.00313547
7520 0.00313534
7525 0.00313521
7530 0.00313508
7535 0.00313495
7540 0.00313483
7545 0.0031347
7550 0.00313457
7555 0.00313444
7560 0.00313431
7565 0.00313418
7570 0.00313405
7575 0.00313392
7580 0.0031338
7585 0.00313367
7590 0.00313354
7595 0.00313341
7600 0.00313328
7605 0.00313315
7610 0.00313302
7615 0.0031329
7620 0.00313277
7625 0.00313264
7630 0.00313251
7635 0.00313238
7640 0.00313225
7645 0.00313212
7650 0.003132
7655 0.00313187
7660 0.00313174
7665 0.00313161
7670 0.00313148
7675 0.00313135
7680 0.00313122
7685 0.00313109
7690 0.00313097
7695 0.00313084
7700 0.00313071
7705 0.00313058
7710 0.00313045
7715 0.00313032
7720 0.00313019
7725 0.00313007
7730 0.00312994
7735 0.00312981
7740 0.00312968
7745 0.00312955
7750 0.00312942
7755 0.00312929
7760 0.00312916
7765 0.00312904
7770 0.00312891
7775 0.00312878
7780 0.00312865
7785 0.00312852
7790 0.00312839
7795 0.00312826
7800 0.00312814
7805 0.00312801
7810 0.00312788
7815 0.00312775
7820 0.00312762
7825 0.00312749
7830 0.00312736
7835 0.00312723
7840 0.00312711
7845 0.00312698
7850 0.00312685
7855 0.00312672
7860 0.00312659
7865 0.00312646
7870 0.00312633
7875 0.00312621
7880 0.00312608
7885 0.00312595
7890 0.00312582
7895 0.00312569
7900 0.00312556
7905 0.00312543
7910 0.0031253
7915 0.00312518
7920 0.00312505
7925 0.00312492
7930 0.00312479
7935 0.00312466
7940 0.00312453
7945 0.0031244
7950 0.00312428
7955 0.00312415
7960 0.00312402
7965 0.00312389
7970 0.00312376
7975 0.00312363
7980 0.0031235
7985 0.00312337
7990 0.00312325
7995 0.00312312
8000 0.00312299
8005 0.00312286
8010 0.00312273
8015 0.0031226
8020 0.00312247
8025 0.00312235
8030 0.00312222
8035 0.00312209
8040 0.00312196
8045 0.00312183
8050 0.0031217
8055 0.00312157
8060 0.00312144
8065 0.00312132
8070 0.00312119
8075 0.00312106
8080 0.00312093
8085 0.0031208
8090 0.00312067
8095 0.00312054
8100 0.00312042
8105 0.00312029
8110 0.00312016
8115 0.00312003
8120 0.0031199
8125 0.00311977
8130 0.00311964
8135 0.00311951
8140 0.00311939
8145 0.00311926
8150 0.00311913
8155 0.003119
8160 0.00311887
8165 0.00311874
8170 0.00311861
8175 0.00311849
8180 0.00311836
8185 0.00311823
8190 0.0031181
8195 0.00311797
8200 0.00311784
8205 0.00311771
8210 0.00311758
8215 0.00311746
8220 0.00311733
8225 0.0031172
8230 0.00311707
8235 0.00311694
8240 0.00311681
8245 0.00311668
8250 0.00311656
8255 0.00311643
8260 0.0031163
8265 0.00311617
8270 0.00311604
8275 0.00311591
8280 0.00311578
8285 0.00311565
8290 0.00311553
8295 0.0031154
8300 0.00311527
8305 0.00311514
8310 0.00311501
8315 0.00311488
8320 0.00311475
8325 0.00311463
8330 0.0031145
8335 0.00311437
8340 0.00311424
8345 0.00311411
8350 0.00311398
8355 0.00311385
8360 0.00311373
8365 0.0031136
8370 0.00311347
8375 0.00311334
8380 0.00311321
8385 0.00311308
8390 0.00311295
8395 0.00311282
8400 0.0031127
8405 0.00311257
8410 0.00311244
8415 0.00311231
8420 0.00311218
8425 0.00311205
8430 0.00311192
8435 0.0031118
8440 0.00311167
8445 0.00311154
8450 0.00311141
8455 0.00311128
8460 0.00311115
8465 0.00311102
8470 0.00311089
8475 0.00311077
8480 0.00311064
8485 0.00311051
8490 0.00311038
8495 0.00311025
8500 0.00311012
8505 0.00310999
8510 0.00310987
8515 0.00310974
8520 0.00310961
8525 0.00310948
8530 0.00310935
8535 0.00310922
8540 0.00310909
8545 0.00310896
8550 0.00310884
8555 0.00310871
8560 0.00310858
8565 0.00310845
8570 0.00310832
8575 0.00310819
8580 0.00310806
8585 0.00310794
8590 0.00310781
8595 0.00310768
8600 0.00310755
8605 0.00310742
8610 0.00310729
8615 0.00310716
8620 0.00310703
8625 0.00310691
8630 0.00310678
8635 0.00310665
8640 0.00310652
8645 0.00310639
8650 0.00310626
8655 0.00310613
8660 0.00310601
8665 0.00310588
8670 0.00310575
8675 0.00310562
8680 0.00310549
8685 0.00310536
8690 0.00310523
8695 0.0031051
8700 0.00310498
8705 0.00310485
8710 0.00310472
8715 0.00310459
8720 0.00310446
8725 0.00310433
8730 0.0031042
8735 0.00310408
8740 0.00310395
8745 0.00310382
8750 0.00310369
8755 0.00310356
8760 0.00310343
8765 0.0031033
8770 0.00310317
8775 0.00310305
8780 0.00310292
8785 0.00310279
8790 0.00310266
8795 0.00310253
8800 0.0031024
8805 0.00310227
8810 0.00310215
8815 0.00310202
8820 0.00310189
8825 0.00310176
8830 0.00310163
8835 0.0031015
8840 0.00310137
8845 0.00310124
8850 0.00310112
8855 0.00310099
8860 0.00310086
8865 0.00310073
8870 0.0031006
8875 0.00310047
8880 0.00310034
8885 0.00310022
8890 0.00310009
8895 0.00309996
8900 0.00309983
8905 0.0030997
8910 0.00309957
8915 0.00309944
8920 0.00309931
8925 0.00309919
8930 0.00309906
8935 0.00309893
8940 0.0030988
8945 0.00309867
8950 0.00309854
8955 0.00309841
8960 0.00309829
8965 0.00309816
8970 0.00309803
8975 0.0030979
8980 0.00309777
8985 0.00309764
8990 0.00309751
8995 0.00309738
9000 0.00309726
9005 0.00309713
9010 0.003097
9015 0.00309687
9020 0.00309674
9025 0.00309661
9030 0.00309648
9035 0.00309636
9040 0.00309623
9045 0.0030961
9050 0.00309597
9055 0.00309584
9060 0.00309571
9065 0.00309558
9070 0.00309546
9075 0.00309533
9080 0.0030952
9085 0.00309507
9090 0.00309494
9095 0.00309481
9100 0.00309468
9105 0.00309455
9110 0.00309443
9115 0.0030943
9120 0.00309417
9125 0.00309404
9130 0.00309391
9135 0.00309378
9140 0.00309365
9145 0.00309353
9150 0.0030934
9155 0.00309327
9160 0.00309314
9165 0.00309301
9170 0.00309288
9175 0.00309275
9180 0.00309262
9185 0.0030925
9190 0.00309237
9195 0.00309224
9200 0.00309211
9205 0.00309198
9210 0.00309185
9215 0.00309172
9220 0.0030916
9225 0.00309147
9230 0.00309134
9235 0.00309121
9240 0.00309108
9245 0.00309095
9250 0.00309082
9255 0.00309069
9260 0.00309057
9265 0.00309044
9270 0.00309031
9275 0.00309018
9280 0.00309005
9285 0.00308992
9290 0.00308979
9295 0.00308967
9300 0.00308954
9305 0.00308941
9310 0.00308928
9315 0.00308915
9320 0.00308902
9325 0.00308889
9330 0.00308876
9335 0.00308864
9340 0.00308851
9345 0.00308838
9350 0.00308825
9355 0.00308812
9360 0.00308799
9365 0.00308786
9370 0.00308774
9375 0.00308761
9380 0.00308748
9385 0.00308735
9390 0.00308722
9395 0.00308709
9400 0.00308696
9405 0.00308683
9410 0.00308671
9415 0.00308658
9420 0.00308645
9425 0.00308632
9430 0.00308619
9435 0.00308606
9440 0.00308593
9445 0.00308581
9450 0.00308568
9455 0.00308555
9460 0.00308542
9465 0.00308529
9470 0.00308516
9475 0.00308503
9480 0.0030849
9485 0.00308478
9490 0.00308465
9495 0.00308452
9500 0.00308439
9505 0.00308426
9510 0.00308413
9515 0.003084
9520 0.00308388
9525 0.00308375
9530 0.00308362
9535 0.00308349
9540 0.00308336
9545 0.00308323
9550 0.0030831
9555 0.00308297
9560 0.00308285
9565 0.00308272
9570 0.00308259
9575 0.00308246
9580 0.00308233
9585 0.0030822
9590 0.00308207
9595 0.00308195
9600 0.00308182
9605 0.00308169
9610 0.00308156
9615 0.00308143
9620 0.0030813
9625 0.00308117
9630 0.00308104
9635 0.00308092
9640 0.00308079
9645 0.00308066
9650 0.00308053
9655 0.0030804
9660 0.00308027
9665 0.00308014
9670 0.00308002
9675 0.00307989
9680 0.00307976
9685 0.00307963
9690 0.0030795
9695 0.00307937
9700 0.00307924
9705 0.00307911
9710 0.00307899
9715 0.00307886
9720 0.00307873
9725 0.0030786
9730 0.00307847
9735 0.00307834
9740 0.00307821
9745 0.00307809
9750 0.00307796
9755 0.00307783
9760 0.0030777
9765 0.00307757
9770 0.00307744
9775 0.00307731
9780 0.00307718
9785 0.00307706
9790 0.00307693
9795 0.0030768
9800 0.00307667
9805 0.00307654
9810 0.00307641
9815 0.00307628
9820 0.00307616
9825 0.00307603
9830 0.0030759
9835 0.00307577
9840 0.00307564
9845 0.00307551
9850 0.00307538
9855 0.00307526
9860 0.00307513
9865 0.003075
9870 0.00307487
9875 0.00307474
9880 0.00307461
9885 0.00307448
9890 0.00307435
9895 0.00307423
9900 0.0030741
9905 0.00307397
9910 0.00307384
9915 0.00307371
9920 0.00307358
9925 0.00307345
9930 0.00307333
9935 0.0030732
9940 0.00307307
9945 0.00307294
9950 0.00307281
9955 0.00307268
9960 0.00307255
9965 0.00307242
9970 0.0030723
9975 0.00307217
9980 0.00307204
9985 0.00307191
9990 0.00307178
9995 0.00307165
10000 0.00307152
10005 0.0030714
10010 0.00307127
10015 0.00307114
10020 0.00307101
10025 0.00307088
10030 0.00307075
10035 0.00307062
10040 0.00307049
10045 0.00307037
10050 0.00307024
10055 0.00307011
10060 0.00306998
10065 0.00306985
10070 0.00306972
10075 0.00306959
10080 0.00306947
10085 0.00306934
10090 0.00306921
10095 0.00306908
10100 0.00306895
10105 0.00306882
10110 0.00306869
10115 0.00306856
10120 0.00306844
10125 0.00306831
10130 0.00306818
10135 0.00306805
10140 0.00306792
10145 0.00306779
10150 0.00306766
10155 0.00306754
10160 0.00306741
10165 0.00306728
10170 0.00306715
10175 0.00306702
10180 0.00306689
10185 0.00306676
10190 0.00306663
10195 0.00306651
10200 0.00306638
10205 0.00306625
10210 0.00306612
10215 0.00306599
10220 0.00306586
10225 0.00306573
10230 0.00306561
10235 0.00306548
10240 0.00306535
10245 0.00306522
10250 0.00306509
10255 0.00306496
10260 0.00306483
10265 0.0030647
10270 0.00306458
10275 0.00306445
10280 0.00306432
10285 0.00306419
10290 0.00306406
10295 0.00306393
10300 0.0030638
10305 0.00306368
10310 0.00306355
10315 0.00306342
10320 0.00306329
10325 0.00306316
10330 0.00306303
10335 0.0030629
10340 0.00306277
10345 0.00306265
10350 0.00306252
10355 0.00306239
10360 0.00306226
10365 0.00306213
10370 0.003062
10375 0.00306187
10380 0.00306175
10385 0.00306162
10390 0.00306149
10395 0.00306136
10400 0.00306123
10405 0.0030611
10410 0.00306097
10415 0.00306084
10420 0.00306072
10425 0.00306059
10430 0.00306046
10435 0.00306033
10440 0.0030602
10445 0.00306007
10450 0.00305994
10455 0.00305982
10460 0.00305969
10465 0.00305956
10470 0.00305943
10475 0.0030593
10480 0.00305917
10485 0.00305904
10490 0.00305891
10495 0.00305879
10500 0.00305866
10505 0.00305853
10510 0.0030584
10515 0.00305827
10520 0.00305814
10525 0.00305801
10530 0.00305789
10535 0.00305776
10540 0.00305763
10545 0.0030575
10550 0.00305737
10555 0.00305724
10560 0.00305711
10565 0.00305699
10570 0.00305686
10575 0.00305673
10580 0.0030566
10585 0.00305647
10590 0.00305634
10595 0.00305621
10600 0.00305608
10605 0.00305596
10610 0.00305583
10615 0.0030557
10620 0.00305557
10625 0.00305544
10630 0.00305531
10635 0.00305518
10640 0.00305506
10645 0.00305493
10650 0.0030548
10655 0.00305467
10660 0.00305454
10665 0.00305441
10670 0.00305428
10675 0.00305415
10680 0.00305403
10685 0.0030539
10690 0.00305377
10695 0.00305364
10700 0.00305351
10705 0.00305338
10710 0.00305325
10715 0.00305313
10720 0.003053
10725 0.00305287
10730 0.00305274
10735 0.00305261
10740 0.00305248
10745 0.00305235
10750 0.00305222
10755 0.0030521
10760 0.00305197
10765 0.00305184
10770 0.00305171
10775 0.00305158
10780 0.00305145
10785 0.00305132
10790 0.0030512
10795 0.00305107
10800 0.00305094
10805 0.00305081
10810 0.00305068
10815 0.00305055
10820 0.00305042
10825 0.00305029
10830 0.00305017
10835 0.00305004
10840 0.00304991
10845 0.00304978
10850 0.00304965
10855 0.00304952
10860 0.00304939
10865 0.00304927
10870 0.00304914
10875 0.00304901
10880 0.00304888
10885 0.00304875
10890 0.00304978
10895 0.00306094
10900 0.00308517
10905 0.0031211
10910 0.00317109
10915 0.00323176
10920 0.00329536
10925 0.00336855
10930 0.00345164
10935 0.00354177
10940 0.00363827
10945 0.00373648
10950 0.0038389
10955 0.00394239
10960 0.00405104
10965 0.004169
10970 0.0040612
10975 0.00336757
10980 0.00250005
10985 0.00162121
10990 0.000715176
10995 5.6237e-06
