@MEASUREMENT_RADIUS 16.3 cm
# lambda : Angstroms 
# tr : transmission ([0,1]) 
# end
3280 6.70514e-05
3285 0.00192709
3290 0.00401365
3295 0.00520748
3300 0.00691228
3305 0.00934322
3310 0.0129119
3315 0.0180468
3320 0.0254241
3325 0.0359686
3330 0.050599
3335 0.0707989
3340 0.0981355
3345 0.133778
3350 0.179607
3355 0.236352
3360 0.303146
3365 0.378078
3370 0.455444
3375 0.529956
3380 0.596264
3385 0.648077
3390 0.680589
3395 0.698079
3400 0.704207
3405 0.704921
3410 0.704263
3415 0.70362
3420 0.700965
3425 0.69419
3430 0.686266
3435 0.683171
3440 0.691048
3445 0.712251
3450 0.740889
3455 0.76777
3460 0.784739
3465 0.789493
3470 0.784348
3475 0.772326
3480 0.758028
3485 0.744753
3490 0.738573
3495 0.74383
3500 0.755012
3505 0.766197
3510 0.774069
3515 0.777349
3520 0.777562
3525 0.777857
3530 0.780801
3535 0.787202
3540 0.794919
3545 0.80149
3550 0.805971
3555 0.808056
3560 0.805886
3565 0.797784
3570 0.781191
3575 0.756091
3580 0.728397
3585 0.707433
3590 0.699715
3595 0.706546
3600 0.723218
3605 0.742444
3610 0.757053
3615 0.765023
3620 0.768611
3625 0.770252
3630 0.770664
3635 0.767478
3640 0.758121
3645 0.742701
3650 0.725488
3655 0.713482
3660 0.711067
3665 0.714861
3670 0.715001
3675 0.701468
3680 0.670255
3685 0.629636
3690 0.596019
3695 0.582736
3700 0.59292
3705 0.618137
3710 0.643403
3715 0.6569
3720 0.657216
3725 0.651195
3730 0.645797
3735 0.642942
3740 0.639198
3745 0.630995
3750 0.619791
3755 0.614072
3760 0.623067
3765 0.648999
3770 0.685134
3775 0.720226
3780 0.744199
3785 0.753463
3790 0.752386
3795 0.748402
3800 0.74698
3805 0.749605
3810 0.755294
3815 0.762723
3820 0.771296
3825 0.781212
3830 0.791965
3835 0.801851
3840 0.809283
3845 0.814457
3850 0.818487
3855 0.820575
3860 0.817929
3865 0.806934
3870 0.78562
3875 0.75664
3880 0.726868
3885 0.704103
3890 0.693625
3895 0.695785
3900 0.705763
3905 0.71661
3910 0.722662
3915 0.72133
3920 0.713907
3925 0.703928
3930 0.695015
3935 0.689799
3940 0.689262
3945 0.692812
3950 0.699003
3955 0.705877
3960 0.711496
3965 0.714861
3970 0.716228
3975 0.716746
3980 0.718597
3985 0.723387
3990 0.730479
3995 0.73753
4000 0.741255
4005 0.739014
4010 0.730418
4015 0.717733
4020 0.705143
4025 0.697202
4030 0.696522
4035 0.702436
4040 0.711881
4045 0.720417
4050 0.724192
4055 0.721659
4060 0.713416
4065 0.701995
4070 0.68955
4075 0.67705
4080 0.664172
4085 0.649349
4090 0.630872
4095 0.607111
4100 0.577469
4105 0.542209
4110 0.501941
4115 0.458494
4120 0.413942
4125 0.369735
4130 0.327393
4135 0.287757
4140 0.251542
4145 0.21902
4150 0.189828
4155 0.164063
4160 0.141512
4165 0.121892
4170 0.104969
4175 0.0903644
4180 0.0777987
4185 0.0670922
4190 0.0579122
4195 0.0500497
4200 0.043335
4205 0.0375434
4210 0.0325759
4215 0.0283085
4220 0.0246265
4225 0.0214554
4230 0.0187036
4235 0.0163175
4240 0.0142597
4245 0.0124766
4250 0.0109353
4255 0.00960727
4260 0.00845772
4265 0.00747232
4270 0.00663036
4275 0.00591705
4280 0.00531636
4285 0.004804
4290 0.00436705
4295 0.0039939
4300 0.00367515
4305 0.00340077
4310 0.00317337
4315 0.00305338
4320 0.00303755
4325 0.00303842
4330 0.00303929
4335 0.00304015
4340 0.00304102
4345 0.00304189
4350 0.00304276
4355 0.00304363
4360 0.0030445
4365 0.00304537
4370 0.00304624
4375 0.00304711
4380 0.00304798
4385 0.00304884
4390 0.00304971
4395 0.00305058
4400 0.00305145
4405 0.00305232
4410 0.00305319
4415 0.00305406
4420 0.00305493
4425 0.0030558
4430 0.00305667
4435 0.00305753
4440 0.0030584
4445 0.00305927
4450 0.00306014
4455 0.00306101
4460 0.00306188
4465 0.00306275
4470 0.00306362
4475 0.00306449
4480 0.00306536
4485 0.00306622
4490 0.00306709
4495 0.00306796
4500 0.00306883
4505 0.0030697
4510 0.00307057
4515 0.00307144
4520 0.00307231
4525 0.00307318
4530 0.00307405
4535 0.00307491
4540 0.00307578
4545 0.00307665
4550 0.00307752
4555 0.00307839
4560 0.00307926
4565 0.00308013
4570 0.003081
4575 0.00308187
4580 0.00308274
4585 0.00308361
4590 0.00308447
4595 0.00308534
4600 0.00308621
4605 0.00308708
4610 0.00308795
4615 0.00308882
4620 0.00308969
4625 0.00309056
4630 0.00309143
4635 0.0030923
4640 0.00309316
4645 0.00309403
4650 0.0030949
4655 0.00309577
4660 0.00309664
4665 0.00309751
4670 0.00309838
4675 0.00309925
4680 0.00310012
4685 0.00310099
4690 0.00310185
4695 0.00310272
4700 0.00310359
4705 0.00310446
4710 0.00310533
4715 0.0031062
4720 0.00310707
4725 0.00310794
4730 0.00310881
4735 0.00310968
4740 0.00311054
4745 0.00311141
4750 0.00311228
4755 0.00311315
4760 0.00311402
4765 0.00311489
4770 0.00311576
4775 0.00311663
4780 0.0031175
4785 0.00311837
4790 0.00311923
4795 0.0031201
4800 0.00312097
4805 0.00312184
4810 0.00312271
4815 0.00312358
4820 0.00312445
4825 0.00312532
4830 0.00312619
4835 0.00312706
4840 0.00312792
4845 0.00312879
4850 0.00312966
4855 0.00313053
4860 0.0031314
4865 0.00313227
4870 0.00313314
4875 0.00313401
4880 0.00313488
4885 0.00313575
4890 0.00313662
4895 0.00313748
4900 0.00313835
4905 0.00313922
4910 0.00314009
4915 0.00314096
4920 0.00314183
4925 0.0031427
4930 0.00314357
4935 0.00314444
4940 0.00314531
4945 0.00314617
4950 0.00314704
4955 0.00314791
4960 0.00314878
4965 0.00314965
4970 0.00315052
4975 0.00315139
4980 0.00315226
4985 0.00315313
4990 0.003154
4995 0.00315486
5000 0.00315573
5005 0.0031566
5010 0.00315747
5015 0.00315834
5020 0.00316102
5025 0.0032448
5030 0.00353304
5035 0.00398676
5040 0.00442112
5045 0.00479103
5050 0.0050857
5055 0.00530965
5060 0.00547003
5065 0.00558399
5070 0.00566372
5075 0.00569563
5080 0.00566363
5085 0.00553647
5090 0.0052784
5095 0.00487865
5100 0.00434892
5105 0.00384417
5110 0.00357967
5115 0.00354889
5120 0.00354843
5125 0.00354797
5130 0.00354751
5135 0.00354705
5140 0.00354659
5145 0.00354612
5150 0.00354566
5155 0.0035452
5160 0.00354474
5165 0.00354428
5170 0.00354382
5175 0.00354336
5180 0.00354289
5185 0.00354243
5190 0.00354197
5195 0.00354151
5200 0.00354105
5205 0.00354059
5210 0.00354013
5215 0.00353967
5220 0.0035392
5225 0.00353874
5230 0.00353828
5235 0.00353782
5240 0.00353736
5245 0.0035369
5250 0.00353644
5255 0.00353597
5260 0.00353551
5265 0.00353505
5270 0.00353459
5275 0.00353413
5280 0.00353367
5285 0.00353321
5290 0.00353274
5295 0.00353228
5300 0.00353182
5305 0.00353136
5310 0.0035309
5315 0.00353044
5320 0.00352998
5325 0.00352951
5330 0.00352905
5335 0.00352859
5340 0.00352813
5345 0.00352767
5350 0.00352721
5355 0.00352675
5360 0.00352628
5365 0.00352582
5370 0.00352536
5375 0.0035249
5380 0.00352444
5385 0.00352398
5390 0.00352352
5395 0.00352305
5400 0.00352259
5405 0.00352213
5410 0.00352167
5415 0.00352121
5420 0.00352075
5425 0.00352029
5430 0.00351982
5435 0.00351936
5440 0.0035189
5445 0.00351844
5450 0.00351798
5455 0.00351752
5460 0.00351706
5465 0.00351659
5470 0.00351613
5475 0.00351567
5480 0.00351521
5485 0.00351475
5490 0.00351429
5495 0.00351383
5500 0.00351336
5505 0.0035129
5510 0.00351244
5515 0.00351198
5520 0.00351152
5525 0.00351106
5530 0.0035106
5535 0.00351013
5540 0.00350967
5545 0.00350921
5550 0.00350875
5555 0.00350829
5560 0.00350783
5565 0.00350737
5570 0.0035069
5575 0.00350644
5580 0.00350598
5585 0.00350552
5590 0.00350506
5595 0.0035046
5600 0.00350414
5605 0.00350367
5610 0.00350321
5615 0.00350275
5620 0.00350229
5625 0.00350183
5630 0.00350137
5635 0.00350091
5640 0.00350044
5645 0.00349998
5650 0.00349952
5655 0.00349906
5660 0.0034986
5665 0.00349814
5670 0.00349768
5675 0.00349721
5680 0.00349675
5685 0.00349629
5690 0.00349583
5695 0.00349537
5700 0.00349491
5705 0.00349445
5710 0.00349398
5715 0.00349352
5720 0.00349306
5725 0.0034926
5730 0.00349214
5735 0.00349168
5740 0.00349122
5745 0.00349075
5750 0.00349029
5755 0.00348983
5760 0.00348937
5765 0.00348891
5770 0.00348845
5775 0.00348799
5780 0.00348752
5785 0.00348706
5790 0.0034866
5795 0.00348614
5800 0.00348568
5805 0.00348522
5810 0.00348476
5815 0.00348429
5820 0.00348383
5825 0.00348337
5830 0.00348291
5835 0.00348245
5840 0.00348199
5845 0.00348153
5850 0.00348106
5855 0.0034806
5860 0.00348014
5865 0.00347968
5870 0.00347922
5875 0.00347876
5880 0.0034783
5885 0.00347783
5890 0.00347737
5895 0.00347691
5900 0.00347645
5905 0.00347599
5910 0.00347553
5915 0.00347507
5920 0.0034746
5925 0.00347414
5930 0.00347368
5935 0.00347322
5940 0.00347276
5945 0.0034723
5950 0.00347184
5955 0.00347137
5960 0.00347091
5965 0.00347045
5970 0.00346999
5975 0.00346953
5980 0.00346907
5985 0.00346861
5990 0.00346814
5995 0.00346768
6000 0.00346722
6005 0.00346676
6010 0.0034663
6015 0.00346584
6020 0.00346538
6025 0.00346491
6030 0.00346445
6035 0.00346399
6040 0.00346353
6045 0.00346307
6050 0.00346261
6055 0.00346215
6060 0.00346168
6065 0.00346122
6070 0.00346076
6075 0.0034603
6080 0.00345984
6085 0.00345938
6090 0.00345892
6095 0.00345845
6100 0.00345799
6105 0.00345753
6110 0.00345707
6115 0.00345661
6120 0.00345615
6125 0.00345569
6130 0.00345522
6135 0.00345476
6140 0.0034543
6145 0.00345384
6150 0.00345338
6155 0.00345292
6160 0.00345246
6165 0.00345199
6170 0.00345153
6175 0.00345107
6180 0.00345061
6185 0.00345015
6190 0.00344969
6195 0.00344923
6200 0.00344876
6205 0.0034483
6210 0.00344784
6215 0.00344738
6220 0.00344692
6225 0.00344646
6230 0.003446
6235 0.00344554
6240 0.00344507
6245 0.00344461
6250 0.00344415
6255 0.00344369
6260 0.00344323
6265 0.00344277
6270 0.00344231
6275 0.00344184
6280 0.00344138
6285 0.00344092
6290 0.00344046
6295 0.00344
6300 0.00343954
6305 0.00343908
6310 0.00343861
6315 0.00343815
6320 0.00343769
6325 0.00343723
6330 0.00343677
6335 0.00343631
6340 0.00343585
6345 0.00343538
6350 0.00343492
6355 0.00343446
6360 0.003434
6365 0.00343354
6370 0.00343308
6375 0.00343262
6380 0.00343215
6385 0.00343169
6390 0.00343123
6395 0.00343077
6400 0.00343031
6405 0.00342985
6410 0.00342939
6415 0.00342892
6420 0.00342846
6425 0.003428
6430 0.00342754
6435 0.00342708
6440 0.00342662
6445 0.00342616
6450 0.00342569
6455 0.00342523
6460 0.00342477
6465 0.00342431
6470 0.00342385
6475 0.00342339
6480 0.00342293
6485 0.00342246
6490 0.003422
6495 0.00342154
6500 0.00342108
6505 0.00342062
6510 0.00342016
6515 0.0034197
6520 0.00341923
6525 0.00341877
6530 0.00341831
6535 0.00341785
6540 0.00341739
6545 0.00341693
6550 0.00341647
6555 0.003416
6560 0.00341554
6565 0.00341508
6570 0.00341462
6575 0.00341416
6580 0.0034137
6585 0.00341324
6590 0.00341277
6595 0.00341231
6600 0.00341185
6605 0.00341139
6610 0.00341093
6615 0.00341047
6620 0.00341001
6625 0.00340954
6630 0.00340908
6635 0.00340862
6640 0.00340816
6645 0.0034077
6650 0.00340724
6655 0.00340678
6660 0.00340631
6665 0.00340585
6670 0.00340539
6675 0.00340493
6680 0.00340447
6685 0.00340401
6690 0.00340355
6695 0.00340308
6700 0.00340262
6705 0.00340216
6710 0.0034017
6715 0.00340124
6720 0.00340078
6725 0.00340032
6730 0.00339985
6735 0.00339939
6740 0.00339893
6745 0.00339847
6750 0.00339801
6755 0.00339755
6760 0.00339709
6765 0.00339662
6770 0.00339616
6775 0.0033957
6780 0.00339524
6785 0.00339478
6790 0.00339432
6795 0.00339386
6800 0.00339339
6805 0.00339293
6810 0.00339247
6815 0.00339201
6820 0.00339155
6825 0.00339109
6830 0.00339063
6835 0.00339016
6840 0.0033897
6845 0.00338924
6850 0.00338878
6855 0.00338832
6860 0.00338786
6865 0.0033874
6870 0.00338693
6875 0.00338647
6880 0.00338601
6885 0.00338555
6890 0.00338509
6895 0.00338463
6900 0.00338417
6905 0.0033837
6910 0.00338324
6915 0.00338278
6920 0.00338232
6925 0.00338186
6930 0.0033814
6935 0.00338094
6940 0.00338047
6945 0.00338001
6950 0.00337955
6955 0.00337909
6960 0.00337863
6965 0.00337817
6970 0.00337771
6975 0.00337724
6980 0.00337678
6985 0.00337632
6990 0.00337586
6995 0.0033754
7000 0.00337494
7005 0.00337448
7010 0.00337401
7015 0.00337355
7020 0.00337309
7025 0.00337263
7030 0.00337217
7035 0.00337171
7040 0.00337125
7045 0.00337078
7050 0.00337032
7055 0.00336986
7060 0.0033694
7065 0.00336894
7070 0.00336848
7075 0.00336802
7080 0.00336755
7085 0.00336709
7090 0.00336663
7095 0.00336617
7100 0.00336571
7105 0.00336525
7110 0.00336479
7115 0.00336432
7120 0.00336386
7125 0.0033634
7130 0.00336294
7135 0.00336248
7140 0.00336202
7145 0.00336156
7150 0.00336109
7155 0.00336063
7160 0.00336017
7165 0.00335971
7170 0.00335925
7175 0.00335879
7180 0.00335833
7185 0.00335786
7190 0.0033574
7195 0.00335694
7200 0.00335648
7205 0.00335602
7210 0.00335556
7215 0.0033551
7220 0.00335463
7225 0.00335417
7230 0.00335371
7235 0.00335325
7240 0.00335279
7245 0.00335233
7250 0.00335187
7255 0.00335141
7260 0.00335094
7265 0.00335048
7270 0.00335002
7275 0.00334956
7280 0.0033491
7285 0.00334864
7290 0.00334818
7295 0.00334771
7300 0.00334725
7305 0.00334679
7310 0.00334633
7315 0.00334587
7320 0.00334541
7325 0.00334495
7330 0.00334448
7335 0.00334402
7340 0.00334356
7345 0.0033431
7350 0.00334264
7355 0.00334218
7360 0.00334172
7365 0.00334125
7370 0.00334079
7375 0.00334033
7380 0.00333987
7385 0.00333941
7390 0.00333895
7395 0.00333849
7400 0.00333802
7405 0.00333756
7410 0.0033371
7415 0.00333664
7420 0.00333618
7425 0.00333572
7430 0.00333526
7435 0.00333479
7440 0.00333433
7445 0.00333387
7450 0.00333341
7455 0.00333295
7460 0.00333249
7465 0.00333203
7470 0.00333156
7475 0.0033311
7480 0.00333064
7485 0.00333018
7490 0.00332972
7495 0.00332926
7500 0.0033288
7505 0.00332833
7510 0.00332787
7515 0.00332741
7520 0.00332695
7525 0.00332649
7530 0.00332603
7535 0.00332557
7540 0.0033251
7545 0.00332464
7550 0.00332418
7555 0.00332372
7560 0.00332326
7565 0.0033228
7570 0.00332234
7575 0.00332187
7580 0.00332141
7585 0.00332095
7590 0.00332049
7595 0.00332003
7600 0.00331957
7605 0.00331911
7610 0.00331864
7615 0.00331818
7620 0.00331772
7625 0.00331726
7630 0.0033168
7635 0.00331634
7640 0.00331588
7645 0.00331541
7650 0.00331495
7655 0.00331449
7660 0.00331403
7665 0.00331357
7670 0.00331311
7675 0.00331265
7680 0.00331218
7685 0.00331172
7690 0.00331126
7695 0.0033108
7700 0.00331034
7705 0.00330988
7710 0.00330942
7715 0.00330895
7720 0.00330849
7725 0.00330803
7730 0.00330757
7735 0.00330711
7740 0.00330665
7745 0.00330619
7750 0.00330572
7755 0.00330526
7760 0.0033048
7765 0.00330434
7770 0.00330388
7775 0.00330342
7780 0.00330296
7785 0.00330249
7790 0.00330203
7795 0.00330157
7800 0.00330111
7805 0.00330065
7810 0.00330019
7815 0.00329973
7820 0.00329926
7825 0.0032988
7830 0.00329834
7835 0.00329788
7840 0.00329742
7845 0.00329696
7850 0.0032965
7855 0.00329603
7860 0.00329557
7865 0.00329511
7870 0.00329465
7875 0.00329419
7880 0.00329373
7885 0.00329327
7890 0.0032928
7895 0.00329234
7900 0.00329188
7905 0.00329142
7910 0.00329096
7915 0.0032905
7920 0.00329004
7925 0.00328957
7930 0.00328911
7935 0.00328865
7940 0.00328819
7945 0.00328773
7950 0.00328727
7955 0.00328681
7960 0.00328634
7965 0.00328588
7970 0.00328542
7975 0.00328496
7980 0.0032845
7985 0.00328404
7990 0.00328358
7995 0.00328311
8000 0.00328265
8005 0.00328219
8010 0.00328173
8015 0.00328127
8020 0.00328081
8025 0.00328035
8030 0.00327988
8035 0.00327942
8040 0.00327896
8045 0.0032785
8050 0.00327804
8055 0.00327758
8060 0.00327712
8065 0.00327665
8070 0.00327619
8075 0.00327573
8080 0.00327527
8085 0.00327481
8090 0.00327435
8095 0.00327389
8100 0.00327342
8105 0.00327296
8110 0.0032725
8115 0.00327204
8120 0.00327158
8125 0.00327112
8130 0.00327066
8135 0.00327019
8140 0.00326973
8145 0.00326927
8150 0.00326881
8155 0.00326835
8160 0.00326789
8165 0.00326743
8170 0.00326696
8175 0.0032665
8180 0.00326604
8185 0.00326558
8190 0.00326512
8195 0.00326466
8200 0.0032642
8205 0.00326373
8210 0.00326327
8215 0.00326281
8220 0.00326235
8225 0.00326189
8230 0.00326143
8235 0.00326097
8240 0.0032605
8245 0.00326004
8250 0.00325958
8255 0.00325912
8260 0.00325866
8265 0.0032582
8270 0.00325774
8275 0.00325728
8280 0.00325681
8285 0.00325635
8290 0.00325589
8295 0.00325543
8300 0.00325497
8305 0.00325451
8310 0.00325405
8315 0.00325358
8320 0.00325312
8325 0.00325266
8330 0.0032522
8335 0.00325174
8340 0.00325128
8345 0.00325082
8350 0.00325035
8355 0.00324989
8360 0.00324943
8365 0.00324897
8370 0.00324851
8375 0.00324805
8380 0.00324759
8385 0.00324712
8390 0.00324666
8395 0.0032462
8400 0.00324574
8405 0.00324528
8410 0.00324482
8415 0.00324436
8420 0.00324389
8425 0.00324343
8430 0.00324297
8435 0.00324251
8440 0.00324205
8445 0.00324159
8450 0.00324113
8455 0.00324066
8460 0.0032402
8465 0.00323974
8470 0.00323928
8475 0.00323882
8480 0.00323836
8485 0.0032379
8490 0.00323743
8495 0.00323697
8500 0.00323651
8505 0.00323605
8510 0.00323559
8515 0.00323513
8520 0.00323467
8525 0.0032342
8530 0.00323374
8535 0.00323328
8540 0.00323282
8545 0.00323236
8550 0.0032319
8555 0.00323144
8560 0.00323097
8565 0.00323051
8570 0.00323005
8575 0.00322959
8580 0.00322913
8585 0.00322867
8590 0.00322821
8595 0.00322774
8600 0.00322728
8605 0.00322682
8610 0.00322636
8615 0.0032259
8620 0.00322544
8625 0.00322498
8630 0.00322451
8635 0.00322405
8640 0.00322359
8645 0.00322313
8650 0.00322267
8655 0.00322221
8660 0.00322175
8665 0.00322128
8670 0.00322082
8675 0.00322036
8680 0.0032199
8685 0.00321944
8690 0.00321898
8695 0.00321852
8700 0.00321805
8705 0.00321759
8710 0.00321713
8715 0.00321667
8720 0.00321621
8725 0.00321575
8730 0.00321529
8735 0.00321482
8740 0.00321436
8745 0.0032139
8750 0.00321344
8755 0.00321298
8760 0.00321252
8765 0.00321206
8770 0.00321159
8775 0.00321113
8780 0.00321067
8785 0.00321021
8790 0.00320975
8795 0.00320929
8800 0.00320883
8805 0.00320836
8810 0.0032079
8815 0.00320744
8820 0.00320698
8825 0.00320652
8830 0.00320606
8835 0.0032056
8840 0.00320513
8845 0.00320467
8850 0.00320421
8855 0.00320375
8860 0.00320329
8865 0.00320283
8870 0.00320237
8875 0.0032019
8880 0.00320144
8885 0.00320098
8890 0.00320052
8895 0.00320006
8900 0.0031996
8905 0.00319914
8910 0.00319867
8915 0.00319821
8920 0.00319775
8925 0.00319729
8930 0.00319683
8935 0.00319637
8940 0.00319591
8945 0.00319544
8950 0.00319498
8955 0.00319452
8960 0.00319406
8965 0.0031936
8970 0.00319314
8975 0.00319268
8980 0.00319221
8985 0.00319175
8990 0.00319129
8995 0.00319083
9000 0.00319037
9005 0.00318991
9010 0.00318945
9015 0.00318898
9020 0.00318852
9025 0.00318806
9030 0.0031876
9035 0.00318714
9040 0.00318668
9045 0.00318622
9050 0.00318575
9055 0.00318529
9060 0.00318483
9065 0.00318437
9070 0.00318391
9075 0.00318345
9080 0.00318299
9085 0.00318252
9090 0.00318206
9095 0.0031816
9100 0.00318114
9105 0.00318068
9110 0.00318022
9115 0.00317976
9120 0.00317929
9125 0.00317883
9130 0.00317837
9135 0.00317791
9140 0.00317745
9145 0.00317699
9150 0.00317653
9155 0.00317606
9160 0.0031756
9165 0.00317514
9170 0.00317468
9175 0.00317422
9180 0.00317376
9185 0.0031733
9190 0.00317283
9195 0.00317237
9200 0.00317191
9205 0.00317145
9210 0.00317099
9215 0.00317053
9220 0.00317007
9225 0.0031696
9230 0.00316914
9235 0.00316868
9240 0.00316822
9245 0.00316776
9250 0.0031673
9255 0.00316684
9260 0.00316637
9265 0.00316591
9270 0.00316545
9275 0.00316499
9280 0.00316453
9285 0.00316407
9290 0.00316361
9295 0.00316315
9300 0.00316268
9305 0.00316222
9310 0.00316176
9315 0.0031613
9320 0.00316084
9325 0.00316038
9330 0.00315992
9335 0.00315945
9340 0.00315899
9345 0.00315853
9350 0.00315807
9355 0.00315761
9360 0.00315715
9365 0.00315669
9370 0.00315622
9375 0.00315576
9380 0.0031553
9385 0.00315484
9390 0.00315438
9395 0.00315392
9400 0.00315346
9405 0.00315299
9410 0.00315253
9415 0.00315207
9420 0.00315161
9425 0.00315115
9430 0.00315069
9435 0.00315023
9440 0.00314976
9445 0.0031493
9450 0.00314884
9455 0.00314838
9460 0.00314792
9465 0.00314746
9470 0.003147
9475 0.00314653
9480 0.00314607
9485 0.00314561
9490 0.00314515
9495 0.00314469
9500 0.00314423
9505 0.00314377
9510 0.0031433
9515 0.00314284
9520 0.00314238
9525 0.00314192
9530 0.00314146
9535 0.003141
9540 0.00314054
9545 0.00314007
9550 0.00313961
9555 0.00313915
9560 0.00313869
9565 0.00313823
9570 0.00313777
9575 0.00313731
9580 0.00313684
9585 0.00313638
9590 0.00313592
9595 0.00313546
9600 0.003135
9605 0.00313454
9610 0.00313408
9615 0.00313361
9620 0.00313315
9625 0.00313269
9630 0.00313223
9635 0.00313177
9640 0.00313131
9645 0.00313085
9650 0.00313038
9655 0.00312992
9660 0.00312946
9665 0.003129
9670 0.00312854
9675 0.00312808
9680 0.00312762
9685 0.00312715
9690 0.00312669
9695 0.00312623
9700 0.00312577
9705 0.00312531
9710 0.00312485
9715 0.00312439
9720 0.00312392
9725 0.00312346
9730 0.003123
9735 0.00312254
9740 0.00312208
9745 0.00312162
9750 0.00312116
9755 0.00312069
9760 0.00312023
9765 0.00311977
9770 0.00311931
9775 0.00311885
9780 0.00311839
9785 0.00311793
9790 0.00311746
9795 0.003117
9800 0.00311654
9805 0.00311608
9810 0.00311562
9815 0.00311516
9820 0.0031147
9825 0.00311423
9830 0.00311377
9835 0.00311331
9840 0.00311285
9845 0.00311239
9850 0.00311193
9855 0.00311147
9860 0.003111
9865 0.00311054
9870 0.00311008
9875 0.00310962
9880 0.00310916
9885 0.0031087
9890 0.00310824
9895 0.00310777
9900 0.00310731
9905 0.00310685
9910 0.00310639
9915 0.00310593
9920 0.00310547
9925 0.00310501
9930 0.00310454
9935 0.00310408
9940 0.00310362
9945 0.00310316
9950 0.0031027
9955 0.00310224
9960 0.00310178
9965 0.00310131
9970 0.00310085
9975 0.00310039
9980 0.00309993
9985 0.00309947
9990 0.00309901
9995 0.00309855
10000 0.00309808
10005 0.00309762
10010 0.00309716
10015 0.0030967
10020 0.00309624
10025 0.00309578
10030 0.00309532
10035 0.00309485
10040 0.00309439
10045 0.00309393
10050 0.00309347
10055 0.00309301
10060 0.00309255
10065 0.00309209
10070 0.00309162
10075 0.00309116
10080 0.0030907
10085 0.00309024
10090 0.00308978
10095 0.00308932
10100 0.00308886
10105 0.00308839
10110 0.00308793
10115 0.00308747
10120 0.00308701
10125 0.00308655
10130 0.00308609
10135 0.00308563
10140 0.00308516
10145 0.0030847
10150 0.00308424
10155 0.00308378
10160 0.00308332
10165 0.00308286
10170 0.0030824
10175 0.00308193
10180 0.00308147
10185 0.00308101
10190 0.00308055
10195 0.00308009
10200 0.00307963
10205 0.00307917
10210 0.0030787
10215 0.00307824
10220 0.00307778
10225 0.00307732
10230 0.00307686
10235 0.0030764
10240 0.00307594
10245 0.00307547
10250 0.00307501
10255 0.00307455
10260 0.00307409
10265 0.00307363
10270 0.00307317
10275 0.00307271
10280 0.00307224
10285 0.00307178
10290 0.00307132
10295 0.00307086
10300 0.0030704
10305 0.00306994
10310 0.00306948
10315 0.00306902
10320 0.00306855
10325 0.00306809
10330 0.00306763
10335 0.00306717
10340 0.00306671
10345 0.00306625
10350 0.00306579
10355 0.00306532
10360 0.00306486
10365 0.0030644
10370 0.00306394
10375 0.00306348
10380 0.00306302
10385 0.00306256
10390 0.00306209
10395 0.00306163
10400 0.00306117
10405 0.00306071
10410 0.00306025
10415 0.00305979
10420 0.00305933
10425 0.00305886
10430 0.0030584
10435 0.00305794
10440 0.00305748
10445 0.00305702
10450 0.00305656
10455 0.0030561
10460 0.00305563
10465 0.00305517
10470 0.00305471
10475 0.00305425
10480 0.00305379
10485 0.00305333
10490 0.00305287
10495 0.0030524
10500 0.00305194
10505 0.00305148
10510 0.00305102
10515 0.00305056
10520 0.0030501
10525 0.00304964
10530 0.00304917
10535 0.00304871
10540 0.00304825
10545 0.00304779
10550 0.00304733
10555 0.00304687
10560 0.00304641
10565 0.00304594
10570 0.00304548
10575 0.00304502
10580 0.00304456
10585 0.0030441
10590 0.00304364
10595 0.00304318
10600 0.00304271
10605 0.00304225
10610 0.00304179
10615 0.00304133
10620 0.00304087
10625 0.00304041
10630 0.00303995
10635 0.00303948
10640 0.00303902
10645 0.00303856
10650 0.0030381
10655 0.00303764
10660 0.00303718
10665 0.00303672
10670 0.00303625
10675 0.00303579
10680 0.00303533
10685 0.00303487
10690 0.00303441
10695 0.00303395
10700 0.00303349
10705 0.00303302
10710 0.00303256
10715 0.0030321
10720 0.00303164
10725 0.00303118
10730 0.00303072
10735 0.00303026
10740 0.00302979
10745 0.00302933
10750 0.00302887
10755 0.00302841
10760 0.00302795
10765 0.00302749
10770 0.00302703
10775 0.00302656
10780 0.0030261
10785 0.00302564
10790 0.00302518
10795 0.00302472
10800 0.00302426
10805 0.0030238
10810 0.00302333
10815 0.00302287
10820 0.00302241
10825 0.00302195
10830 0.00302149
10835 0.00302103
10840 0.00302242
10845 0.00302849
10850 0.00304186
10855 0.00306407
10860 0.00309815
10865 0.00314541
10870 0.00319956
10875 0.00326098
10880 0.00332818
10885 0.00339642
10890 0.00346656
10895 0.00354292
10900 0.00362588
10905 0.00371145
10910 0.00380396
10915 0.00390142
10920 0.00399683
10925 0.00409753
10930 0.00420714
10935 0.00431997
10940 0.00443628
10945 0.00455304
10950 0.00466812
10955 0.00478017
10960 0.00489042
10965 0.00497966
10970 0.0046829
10975 0.0040015
10980 0.00296286
10985 0.00191603
10990 0.000841493
10995 5.62033e-05
