@MEASUREMENT_RADIUS 2.3 cm
# lambda : Angstroms 
# tr : transmission ([0,1]) 
# end
6645 0
6650 0.000453191
6655 0.00136598
6660 0.00233146
6665 0.00334495
6670 0.00363778
6675 0.00386417
6680 0.00410736
6685 0.00436925
6690 0.00465455
6695 0.00495895
6700 0.0052849
6705 0.00563702
6710 0.00601141
6715 0.00641401
6720 0.00684447
6725 0.00730345
6730 0.00780362
6735 0.00833931
6740 0.00892212
6745 0.0095525
6750 0.0102262
6755 0.0109564
6760 0.011737
6765 0.0125796
6770 0.0134954
6775 0.0144794
6780 0.0155476
6785 0.016699
6790 0.017937
6795 0.0192818
6800 0.0207293
6805 0.0222945
6810 0.0239947
6815 0.0258284
6820 0.0278265
6825 0.0299873
6830 0.0323332
6835 0.0348881
6840 0.0376605
6845 0.0406893
6850 0.0439979
6855 0.0476081
6860 0.0515374
6865 0.0557806
6870 0.0603624
6875 0.0653229
6880 0.0706965
6885 0.0765488
6890 0.0829038
6895 0.0897799
6900 0.0972586
6905 0.105347
6910 0.114144
6915 0.123724
6920 0.134099
6925 0.145355
6930 0.157493
6935 0.17051
6940 0.184486
6945 0.199404
6950 0.215404
6955 0.232593
6960 0.250945
6965 0.270525
6970 0.291226
6975 0.312969
6980 0.335844
6985 0.359671
6990 0.384487
6995 0.410241
7000 0.436698
7005 0.46391
7010 0.491563
7015 0.51954
7020 0.547735
7025 0.575787
7030 0.603657
7035 0.631125
7040 0.657965
7045 0.684207
7050 0.709513
7055 0.733791
7060 0.756991
7065 0.77887
7070 0.799466
7075 0.818612
7080 0.836186
7085 0.852228
7090 0.866685
7095 0.87969
7100 0.891308
7105 0.901628
7110 0.91074
7115 0.91873
7120 0.925678
7125 0.931687
7130 0.936807
7135 0.941137
7140 0.944752
7145 0.947737
7150 0.950168
7155 0.952096
7160 0.953597
7165 0.954754
7170 0.955621
7175 0.956277
7180 0.956709
7185 0.956973
7190 0.95713
7195 0.957164
7200 0.957145
7205 0.957077
7210 0.956962
7215 0.956819
7220 0.95667
7225 0.95653
7230 0.956407
7235 0.95632
7240 0.956274
7245 0.956258
7250 0.95626
7255 0.956318
7260 0.956399
7265 0.956492
7270 0.95662
7275 0.956779
7280 0.956997
7285 0.957245
7290 0.957515
7295 0.9578
7300 0.958048
7305 0.958295
7310 0.958537
7315 0.958715
7320 0.958927
7325 0.959126
7330 0.959293
7335 0.959473
7340 0.959605
7345 0.959678
7350 0.959721
7355 0.959716
7360 0.95968
7365 0.959647
7370 0.959554
7375 0.959384
7380 0.959146
7385 0.958834
7390 0.958483
7395 0.958093
7400 0.957623
7405 0.957107
7410 0.956537
7415 0.955933
7420 0.955295
7425 0.954582
7430 0.953822
7435 0.953026
7440 0.952208
7445 0.951387
7450 0.950526
7455 0.949586
7460 0.948617
7465 0.947611
7470 0.946586
7475 0.945585
7480 0.944582
7485 0.94358
7490 0.942586
7495 0.941611
7500 0.940647
7505 0.939687
7510 0.938771
7515 0.937866
7520 0.936992
7525 0.936189
7530 0.935429
7535 0.934714
7540 0.934083
7545 0.933492
7550 0.932959
7555 0.932498
7560 0.932089
7565 0.931743
7570 0.931503
7575 0.931369
7580 0.931317
7585 0.931362
7590 0.9315
7595 0.931672
7600 0.931945
7605 0.93232
7610 0.932783
7615 0.933359
7620 0.934021
7625 0.934733
7630 0.935538
7635 0.936415
7640 0.937384
7645 0.938453
7650 0.939576
7655 0.940747
7660 0.941991
7665 0.943292
7670 0.944653
7675 0.94607
7680 0.947545
7685 0.949052
7690 0.950565
7695 0.952135
7700 0.953717
7705 0.955305
7710 0.956913
7715 0.958502
7720 0.96008
7725 0.961631
7730 0.96318
7735 0.96469
7740 0.966105
7745 0.967458
7750 0.968767
7755 0.969995
7760 0.971196
7765 0.97232
7770 0.973336
7775 0.974293
7780 0.975158
7785 0.975946
7790 0.976671
7795 0.977238
7800 0.977697
7805 0.978054
7810 0.978291
7815 0.978454
7820 0.978507
7825 0.978444
7830 0.978328
7835 0.978097
7840 0.977797
7845 0.977421
7850 0.976912
7855 0.976373
7860 0.975764
7865 0.975104
7870 0.97442
7875 0.973639
7880 0.972847
7885 0.972032
7890 0.971188
7895 0.970371
7900 0.96954
7905 0.968714
7910 0.967915
7915 0.967133
7920 0.966369
7925 0.965635
7930 0.964936
7935 0.964303
7940 0.963725
7945 0.963204
7950 0.962753
7955 0.962407
7960 0.962165
7965 0.962053
7970 0.962141
7975 0.962287
7980 0.96242
7985 0.962558
7990 0.962609
7995 0.962621
8000 0.962671
8005 0.962727
8010 0.962798
8015 0.962856
8020 0.962891
8025 0.962912
8030 0.962899
8035 0.962835
8040 0.962701
8045 0.962491
8050 0.962181
8055 0.961762
8060 0.961223
8065 0.960522
8070 0.959629
8075 0.958555
8080 0.957286
8085 0.95584
8090 0.954203
8095 0.952337
8100 0.950198
8105 0.947755
8110 0.945041
8115 0.942082
8120 0.938891
8125 0.935476
8130 0.931747
8135 0.927669
8140 0.923292
8145 0.918666
8150 0.913865
8155 0.908903
8160 0.903725
8165 0.898269
8170 0.89259
8175 0.886773
8180 0.880889
8185 0.875014
8190 0.869067
8195 0.862982
8200 0.856846
8205 0.850709
8210 0.84469
8215 0.838849
8220 0.833174
8225 0.827567
8230 0.822031
8235 0.816664
8240 0.811521
8245 0.806667
8250 0.802125
8255 0.797832
8260 0.793739
8265 0.789892
8270 0.78634
8275 0.783097
8280 0.78018
8285 0.777525
8290 0.775059
8295 0.772744
8300 0.77056
8305 0.768483
8310 0.766451
8315 0.764357
8320 0.76205
8325 0.759432
8330 0.756413
8335 0.752895
8340 0.748819
8345 0.744043
8350 0.738288
8355 0.731322
8360 0.723113
8365 0.71359
8370 0.702748
8375 0.690623
8380 0.676939
8385 0.661345
8390 0.643911
8395 0.624904
8400 0.604531
8405 0.582996
8410 0.560328
8415 0.536286
8420 0.510892
8425 0.484708
8430 0.458319
8435 0.432053
8440 0.405946
8445 0.379863
8450 0.353837
8455 0.328178
8460 0.3034
8465 0.279964
8470 0.257915
8475 0.236894
8480 0.216818
8485 0.197838
8490 0.180067
8495 0.163774
8500 0.14905
8505 0.135627
8510 0.123194
8515 0.111778
8520 0.10138
8525 0.0919503
8530 0.0835676
8535 0.0760913
8540 0.0692914
8545 0.0630616
8550 0.0574276
8555 0.0523767
8560 0.0478538
8565 0.0438311
8570 0.0401958
8575 0.036856
8580 0.0337957
8585 0.0310192
8590 0.0285377
8595 0.0263186
8600 0.0243124
8605 0.02247
8610 0.0207621
8615 0.0191924
8620 0.017768
8625 0.0164907
8630 0.0153342
8635 0.0142642
8640 0.0132715
8645 0.012353
8650 0.0115037
8655 0.0107315
8660 0.0100311
8665 0.00938201
8670 0.00877412
8675 0.00820872
8680 0.00768853
8685 0.00721474
8690 0.00678913
8695 0.00639439
8700 0.00601654
8705 0.00566538
8710 0.00533725
8715 0.00503577
8720 0.00476708
8725 0.00452043
8730 0.00428276
8735 0.00405079
8740 0.00382667
8745 0.00361875
8750 0.00341349
8755 0.00266577
8760 0.00191325
8765 0.00120009
8770 0.000522599
8775 0
