@MEASUREMENT_RADIUS 18.6 cm
# lambda : Angstroms 
# tr : transmission ([0,1]) 
# end
6565 7.08976e-05
6570 0.000513686
6575 0.001395
6580 0.00241306
6585 0.00341566
6590 0.00382607
6595 0.0040869
6600 0.0043649
6605 0.00466332
6610 0.0049848
6615 0.0053321
6620 0.00570816
6625 0.00611556
6630 0.00655739
6635 0.0070361
6640 0.00755448
6645 0.00811275
6650 0.00871149
6655 0.00935491
6660 0.0100504
6665 0.0108031
6670 0.0116182
6675 0.0125008
6680 0.0134562
6685 0.0144942
6690 0.0156247
6695 0.0168568
6700 0.0182022
6705 0.0196676
6710 0.0212593
6715 0.022991
6720 0.0248747
6725 0.0269293
6730 0.0291704
6735 0.0316195
6740 0.0343048
6745 0.0372442
6750 0.0404581
6755 0.0439688
6760 0.0477906
6765 0.0519659
6770 0.056528
6775 0.0615078
6780 0.066959
6785 0.0729159
6790 0.0794218
6795 0.0865237
6800 0.0942544
6805 0.102684
6810 0.111865
6815 0.121863
6820 0.132762
6825 0.144609
6830 0.157485
6835 0.171456
6840 0.186578
6845 0.20298
6850 0.220718
6855 0.239822
6860 0.260262
6865 0.281924
6870 0.304764
6875 0.328779
6880 0.353979
6885 0.380362
6890 0.407785
6895 0.436127
6900 0.465257
6905 0.494986
6910 0.525216
6915 0.55576
6920 0.586356
6925 0.6168
6930 0.646744
6935 0.675898
6940 0.704055
6945 0.73103
6950 0.756756
6955 0.781168
6960 0.804134
6965 0.825567
6970 0.845319
6975 0.863351
6980 0.87971
6985 0.894413
6990 0.907569
6995 0.919259
7000 0.929544
7005 0.938526
7010 0.946251
7015 0.952824
7020 0.958387
7025 0.963013
7030 0.966815
7035 0.969867
7040 0.972242
7045 0.974039
7050 0.975315
7055 0.976115
7060 0.976509
7065 0.976563
7070 0.976342
7075 0.97588
7080 0.975176
7085 0.974266
7090 0.973194
7095 0.972006
7100 0.970735
7105 0.9694
7110 0.967994
7115 0.966535
7120 0.965045
7125 0.963546
7130 0.962046
7135 0.960556
7140 0.959078
7145 0.957619
7150 0.95619
7155 0.954795
7160 0.953425
7165 0.952093
7170 0.950826
7175 0.949622
7180 0.948495
7185 0.947456
7190 0.946476
7195 0.945541
7200 0.944663
7205 0.943851
7210 0.943117
7215 0.942482
7220 0.941929
7225 0.941437
7230 0.94099
7235 0.940619
7240 0.940329
7245 0.940098
7250 0.93993
7255 0.93981
7260 0.939737
7265 0.939728
7270 0.939793
7275 0.939907
7280 0.940085
7285 0.940318
7290 0.940596
7295 0.940901
7300 0.941215
7305 0.941558
7310 0.941921
7315 0.942308
7320 0.942724
7325 0.943129
7330 0.943514
7335 0.943906
7340 0.944288
7345 0.944665
7350 0.945051
7355 0.945411
7360 0.94575
7365 0.946119
7370 0.946457
7375 0.946751
7380 0.946992
7385 0.947184
7390 0.94735
7395 0.947487
7400 0.947587
7405 0.947643
7410 0.947676
7415 0.947705
7420 0.947712
7425 0.947663
7430 0.947547
7435 0.947386
7440 0.947214
7445 0.947031
7450 0.946836
7455 0.946582
7460 0.946281
7465 0.945968
7470 0.945661
7475 0.945363
7480 0.945057
7485 0.944754
7490 0.944455
7495 0.944158
7500 0.943877
7505 0.943604
7510 0.943333
7515 0.943099
7520 0.942877
7525 0.942713
7530 0.942615
7535 0.942541
7540 0.942488
7545 0.942458
7550 0.942463
7555 0.942536
7560 0.942691
7565 0.94292
7570 0.943233
7575 0.943592
7580 0.943993
7585 0.944462
7590 0.944959
7595 0.945498
7600 0.946107
7605 0.94677
7610 0.947485
7615 0.948255
7620 0.949078
7625 0.949942
7630 0.950843
7635 0.951786
7640 0.952766
7645 0.953775
7650 0.954786
7655 0.955778
7660 0.95677
7665 0.957746
7670 0.958728
7675 0.959714
7680 0.96067
7685 0.961608
7690 0.962497
7695 0.963339
7700 0.964144
7705 0.964855
7710 0.965497
7715 0.966045
7720 0.966511
7725 0.966907
7730 0.967207
7735 0.967405
7740 0.967437
7745 0.967318
7750 0.967071
7755 0.966691
7760 0.966199
7765 0.96563
7770 0.964923
7775 0.964066
7780 0.963046
7785 0.96188
7790 0.960586
7795 0.959155
7800 0.957618
7805 0.955999
7810 0.95427
7815 0.952435
7820 0.950508
7825 0.948469
7830 0.946339
7835 0.944136
7840 0.941879
7845 0.939605
7850 0.937297
7855 0.934972
7860 0.932662
7865 0.930358
7870 0.928065
7875 0.925788
7880 0.923525
7885 0.921285
7890 0.919096
7895 0.91699
7900 0.914984
7905 0.91306
7910 0.911238
7915 0.909517
7920 0.907862
7925 0.906321
7930 0.904884
7935 0.903593
7940 0.90244
7945 0.901412
7950 0.900548
7955 0.899856
7960 0.899335
7965 0.899092
7970 0.899099
7975 0.899306
7980 0.899565
7985 0.899851
7990 0.899997
7995 0.900025
8000 0.900116
8005 0.900267
8010 0.900456
8015 0.900666
8020 0.900887
8025 0.901115
8030 0.901328
8035 0.901506
8040 0.901637
8045 0.901698
8050 0.901666
8055 0.901514
8060 0.901235
8065 0.900795
8070 0.90017
8075 0.899355
8080 0.898354
8085 0.897145
8090 0.895714
8095 0.894023
8100 0.892025
8105 0.889714
8110 0.887109
8115 0.884237
8120 0.881122
8125 0.877759
8130 0.874092
8135 0.870073
8140 0.865735
8145 0.861141
8150 0.856349
8155 0.851387
8160 0.846199
8165 0.840762
8170 0.835101
8175 0.829305
8180 0.82347
8185 0.81763
8190 0.811757
8195 0.805805
8200 0.7998
8205 0.793811
8210 0.787923
8215 0.782234
8220 0.776715
8225 0.77132
8230 0.76603
8235 0.760902
8240 0.75601
8245 0.751419
8250 0.747149
8255 0.743152
8260 0.7394
8265 0.735891
8270 0.732654
8275 0.729713
8280 0.72706
8285 0.724651
8290 0.722416
8295 0.72031
8300 0.718294
8305 0.716326
8310 0.714339
8315 0.71222
8320 0.709848
8325 0.707109
8330 0.703907
8335 0.700152
8340 0.695751
8345 0.690558
8350 0.684339
8355 0.676931
8360 0.668239
8365 0.658235
8370 0.64692
8375 0.634296
8380 0.620161
8385 0.604315
8390 0.58679
8395 0.567787
8400 0.547507
8405 0.526226
8410 0.50401
8415 0.480726
8420 0.456432
8425 0.43158
8430 0.406686
8435 0.382081
8440 0.357889
8445 0.333998
8450 0.310303
8455 0.286986
8460 0.264477
8465 0.243212
8470 0.223248
8475 0.204527
8480 0.186905
8485 0.17031
8490 0.154855
8495 0.140721
8500 0.127979
8505 0.116418
8510 0.105817
8515 0.0960793
8520 0.0871978
8525 0.0791649
8530 0.0720076
8535 0.0656242
8540 0.0598317
8545 0.054549
8550 0.0497521
8555 0.0454422
8560 0.0415864
8565 0.0381518
8570 0.0350546
8575 0.0322187
8580 0.0296162
8585 0.0272441
8590 0.025111
8595 0.0232007
8600 0.0214715
8605 0.0198835
8610 0.0184143
8615 0.017062
8620 0.0158283
8625 0.0147156
8630 0.0137065
8635 0.012777
8640 0.0119133
8645 0.0111096
8650 0.0103666
8655 0.00968904
8660 0.00907118
8665 0.00850128
8670 0.00796971
8675 0.00747325
8680 0.00701646
8685 0.00659762
8690 0.00621245
8695 0.00585721
8700 0.00552462
8705 0.00521198
8710 0.00492256
8715 0.00465587
8720 0.00441139
8725 0.00418624
8730 0.00397105
8735 0.00376593
8740 0.00355608
8745 0.00316088
8750 0.00261885
8755 0.00188813
8760 0.00118313
8765 0.000516929
8770 4.95167e-05
