@MEASUREMENT_RADIUS 21 cm
# lambda : Angstroms 
# tr : transmission ([0,1]) 
# end
6565 9.75201e-05
6570 0.000522532
6575 0.0013345
6580 0.00230388
6585 0.00324487
6590 0.0036474
6595 0.00389416
6600 0.00415888
6605 0.00444336
6610 0.0047488
6615 0.00507743
6620 0.00543215
6625 0.00581588
6630 0.00623366
6635 0.00668877
6640 0.00718171
6645 0.00771191
6650 0.0082788
6655 0.00888749
6660 0.00954684
6665 0.0102609
6670 0.011035
6675 0.011873
6680 0.012779
6685 0.0137638
6690 0.0148363
6695 0.0160044
6700 0.0172793
6705 0.018669
6710 0.0201809
6715 0.0218276
6720 0.023618
6725 0.0255665
6730 0.0276913
6735 0.0300158
6740 0.0325663
6745 0.0353611
6750 0.0384197
6755 0.0417606
6760 0.045402
6765 0.049384
6770 0.0537387
6775 0.0584972
6780 0.0637023
6785 0.0693888
6790 0.0756034
6795 0.0823944
6800 0.089805
6805 0.0979009
6810 0.106728
6815 0.116362
6820 0.126882
6825 0.138338
6830 0.150808
6835 0.16436
6840 0.179054
6845 0.195007
6850 0.212275
6855 0.230897
6860 0.250862
6865 0.272089
6870 0.294532
6875 0.318188
6880 0.343086
6885 0.369218
6890 0.396442
6895 0.424644
6900 0.453675
6905 0.483372
6910 0.513631
6915 0.54428
6920 0.575063
6925 0.605763
6930 0.636028
6935 0.66557
6940 0.694149
6945 0.721572
6950 0.747774
6955 0.772681
6960 0.796174
6965 0.818157
6970 0.838462
6975 0.857031
6980 0.873899
6985 0.889092
6990 0.90271
6995 0.914821
7000 0.925513
7005 0.934897
7010 0.943042
7015 0.950024
7020 0.95596
7025 0.960937
7030 0.965067
7035 0.968429
7040 0.971103
7045 0.973172
7050 0.974697
7055 0.975743
7060 0.976392
7065 0.976672
7070 0.976627
7075 0.976322
7080 0.975772
7085 0.975006
7090 0.974073
7095 0.972996
7100 0.971813
7105 0.970542
7110 0.96919
7115 0.96778
7120 0.9663
7125 0.964767
7130 0.963212
7135 0.96164
7140 0.960074
7145 0.958525
7150 0.956987
7155 0.955468
7160 0.953966
7165 0.952508
7170 0.951101
7175 0.949731
7180 0.948404
7185 0.947119
7190 0.94589
7195 0.944731
7200 0.943635
7205 0.942591
7210 0.94162
7215 0.940723
7220 0.939889
7225 0.939132
7230 0.938441
7235 0.937821
7240 0.937291
7245 0.936825
7250 0.936423
7255 0.93608
7260 0.935802
7265 0.93559
7270 0.935451
7275 0.935375
7280 0.935366
7285 0.935438
7290 0.935579
7295 0.935759
7300 0.935955
7305 0.936183
7310 0.936454
7315 0.936747
7320 0.937089
7325 0.937457
7330 0.937824
7335 0.938205
7340 0.938597
7345 0.939006
7350 0.939452
7355 0.939914
7360 0.94038
7365 0.94084
7370 0.941247
7375 0.941617
7380 0.941957
7385 0.942268
7390 0.942579
7395 0.942898
7400 0.943197
7405 0.943462
7410 0.943688
7415 0.943879
7420 0.944046
7425 0.944171
7430 0.944247
7435 0.944284
7440 0.94433
7445 0.944356
7450 0.944333
7455 0.944265
7460 0.944158
7465 0.944022
7470 0.943882
7475 0.943749
7480 0.943577
7485 0.943397
7490 0.943224
7495 0.943057
7500 0.942896
7505 0.942755
7510 0.942606
7515 0.942435
7520 0.942273
7525 0.942144
7530 0.942038
7535 0.941955
7540 0.941901
7545 0.941877
7550 0.941903
7555 0.941984
7560 0.942095
7565 0.942247
7570 0.942456
7575 0.94271
7580 0.94302
7585 0.943393
7590 0.943813
7595 0.944273
7600 0.944769
7605 0.945306
7610 0.94591
7615 0.946571
7620 0.947282
7625 0.948028
7630 0.948782
7635 0.949565
7640 0.950403
7645 0.951291
7650 0.952212
7655 0.953153
7660 0.954102
7665 0.955019
7670 0.955925
7675 0.956836
7680 0.957704
7685 0.958553
7690 0.959375
7695 0.960162
7700 0.960919
7705 0.961615
7710 0.962283
7715 0.962863
7720 0.963368
7725 0.963806
7730 0.964159
7735 0.964406
7740 0.964536
7745 0.964541
7750 0.964401
7755 0.964123
7760 0.963733
7765 0.963278
7770 0.962714
7775 0.962028
7780 0.961205
7785 0.96025
7790 0.959156
7795 0.957892
7800 0.956483
7805 0.954993
7810 0.95341
7815 0.951718
7820 0.949926
7825 0.948004
7830 0.945965
7835 0.94386
7840 0.941703
7845 0.939507
7850 0.937229
7855 0.934895
7860 0.932545
7865 0.930182
7870 0.927844
7875 0.925528
7880 0.923211
7885 0.920876
7890 0.918556
7895 0.916285
7900 0.914095
7905 0.911994
7910 0.910002
7915 0.908103
7920 0.906274
7925 0.904504
7930 0.902832
7935 0.901296
7940 0.899875
7945 0.898579
7950 0.897439
7955 0.896452
7960 0.895619
7965 0.895049
7970 0.894736
7975 0.894654
7980 0.894668
7985 0.894731
7990 0.894695
7995 0.894571
8000 0.894525
8005 0.894559
8010 0.894643
8015 0.89477
8020 0.894933
8025 0.895136
8030 0.895359
8035 0.89559
8040 0.895812
8045 0.896
8050 0.896138
8055 0.896211
8060 0.896202
8065 0.896087
8070 0.895848
8075 0.895466
8080 0.894928
8085 0.894218
8090 0.89332
8095 0.892192
8100 0.890819
8105 0.889185
8110 0.887298
8115 0.885161
8120 0.882796
8125 0.880169
8130 0.87724
8135 0.873977
8140 0.870396
8145 0.866542
8150 0.862469
8155 0.858209
8160 0.853704
8165 0.848906
8170 0.843829
8175 0.838556
8180 0.833166
8185 0.827721
8190 0.82219
8195 0.816503
8200 0.81067
8205 0.804784
8210 0.798928
8215 0.793219
8220 0.787636
8225 0.782099
8230 0.776603
8235 0.771198
8240 0.765971
8245 0.760994
8250 0.756283
8255 0.751801
8260 0.747526
8265 0.743493
8270 0.739738
8275 0.736277
8280 0.733116
8285 0.730231
8290 0.727565
8295 0.725098
8300 0.722816
8305 0.720688
8310 0.718675
8315 0.716703
8320 0.714678
8325 0.712501
8330 0.710094
8335 0.707378
8340 0.704268
8345 0.700618
8350 0.696236
8355 0.690969
8360 0.684692
8365 0.677335
8370 0.668852
8375 0.659174
8380 0.648112
8385 0.635472
8390 0.621218
8395 0.605432
8400 0.588204
8405 0.569648
8410 0.549761
8415 0.528467
8420 0.505828
8425 0.482216
8430 0.458129
8435 0.433882
8440 0.409562
8445 0.385106
8450 0.360482
8455 0.335933
8460 0.311935
8465 0.288932
8470 0.267013
8475 0.24604
8480 0.225924
8485 0.206726
8490 0.188629
8495 0.171912
8500 0.15671
8505 0.142813
8510 0.129993
8515 0.118122
8520 0.107232
8525 0.0973481
8530 0.0885089
8535 0.0805941
8540 0.0733994
8545 0.0668331
8550 0.0608675
8555 0.0555016
8560 0.0507004
8565 0.0464221
8570 0.0425717
8575 0.0390439
8580 0.0358078
8585 0.0328669
8590 0.0302268
8595 0.027863
8600 0.0257246
8605 0.0237645
8610 0.0219489
8615 0.0202821
8620 0.0187674
8625 0.0174065
8630 0.0161798
8635 0.0150531
8640 0.0140091
8645 0.0130398
8650 0.0121452
8655 0.0113323
8660 0.0105938
8665 0.00991012
8670 0.00927168
8675 0.00867823
8680 0.0081317
8685 0.00763371
8690 0.00717913
8695 0.0067601
8700 0.00636463
8705 0.0059919
8710 0.00564896
8715 0.00533297
8720 0.00504705
8725 0.00478477
8730 0.00453468
8735 0.00429798
8740 0.00407331
8745 0.00386211
8750 0.00363216
8755 0.0032225
8760 0.00268972
8765 0.00195644
8770 0.001224
8775 0.000533198
8780 6.53455e-05
