@MEASUREMENT_RADIUS 11.7 cm
# lambda : Angstroms 
# tr : transmission ([0,1]) 
# end
5325 7.50715e-05
5330 0.00118499
5335 0.00266747
5340 0.00350263
5345 0.00382167
5350 0.00417566
5355 0.00456476
5360 0.00498749
5365 0.0054517
5370 0.00596692
5375 0.0065289
5380 0.00714915
5385 0.00783447
5390 0.00858476
5395 0.00940941
5400 0.010323
5405 0.0113343
5410 0.0124532
5415 0.013688
5420 0.0150578
5425 0.0165737
5430 0.0182341
5435 0.0200645
5440 0.0220945
5445 0.0243536
5450 0.0268866
5455 0.029699
5460 0.0327977
5465 0.0362335
5470 0.0400371
5475 0.04424
5480 0.0488789
5485 0.0539969
5490 0.059642
5495 0.0658477
5500 0.0726731
5505 0.0801851
5510 0.0884211
5515 0.0974394
5520 0.107252
5525 0.117904
5530 0.129493
5535 0.142011
5540 0.155514
5545 0.170156
5550 0.185902
5555 0.202782
5560 0.220784
5565 0.23976
5570 0.259616
5575 0.280189
5580 0.301453
5585 0.323413
5590 0.345944
5595 0.368862
5600 0.392044
5605 0.415423
5610 0.438961
5615 0.462481
5620 0.485933
5625 0.509289
5630 0.532276
5635 0.554721
5640 0.576595
5645 0.597768
5650 0.618183
5655 0.637648
5660 0.656149
5665 0.673817
5670 0.69055
5675 0.706356
5680 0.720958
5685 0.734067
5690 0.745831
5695 0.756621
5700 0.766161
5705 0.774466
5710 0.781468
5715 0.787102
5720 0.791409
5725 0.794366
5730 0.795988
5735 0.796301
5740 0.795406
5745 0.793351
5750 0.790117
5755 0.785843
5760 0.780781
5765 0.775114
5770 0.768853
5775 0.762182
5780 0.755382
5785 0.748785
5790 0.742577
5795 0.736834
5800 0.73166
5805 0.727204
5810 0.723573
5815 0.720804
5820 0.718943
5825 0.717978
5830 0.717891
5835 0.718662
5840 0.720228
5845 0.722496
5850 0.725326
5855 0.728568
5860 0.732115
5865 0.735856
5870 0.739647
5875 0.743332
5880 0.746823
5885 0.750058
5890 0.752973
5895 0.755519
5900 0.757694
5905 0.759532
5910 0.761055
5915 0.762353
5920 0.763479
5925 0.764533
5930 0.765574
5935 0.766719
5940 0.768035
5945 0.769584
5950 0.771421
5955 0.773574
5960 0.776091
5965 0.77901
5970 0.78235
5975 0.786104
5980 0.790211
5985 0.794612
5990 0.799329
5995 0.804387
6000 0.809688
6005 0.815152
6010 0.820739
6015 0.826418
6020 0.832179
6025 0.837989
6030 0.843803
6035 0.849604
6040 0.855425
6045 0.861172
6050 0.866813
6055 0.872353
6060 0.877761
6065 0.882976
6070 0.887891
6075 0.892476
6080 0.896711
6085 0.900577
6090 0.904101
6095 0.907205
6100 0.909927
6105 0.912214
6110 0.914098
6115 0.915621
6120 0.916897
6125 0.91793
6130 0.918744
6135 0.919412
6140 0.920059
6145 0.920754
6150 0.921525
6155 0.922407
6160 0.923494
6165 0.924814
6170 0.92635
6175 0.928107
6180 0.930039
6185 0.932159
6190 0.934445
6195 0.936896
6200 0.939407
6205 0.941912
6210 0.944359
6215 0.946695
6220 0.948905
6225 0.950908
6230 0.95269
6235 0.95423
6240 0.955583
6245 0.956736
6250 0.957665
6255 0.958416
6260 0.959039
6265 0.959577
6270 0.960047
6275 0.960459
6280 0.960848
6285 0.96124
6290 0.961638
6295 0.962021
6300 0.962321
6305 0.962506
6310 0.962488
6315 0.962287
6320 0.961896
6325 0.961273
6330 0.960327
6335 0.959041
6340 0.957427
6345 0.955491
6350 0.953257
6355 0.950783
6360 0.948029
6365 0.945041
6370 0.941895
6375 0.938764
6380 0.935667
6385 0.932628
6390 0.929681
6395 0.926928
6400 0.924434
6405 0.922168
6410 0.920117
6415 0.918287
6420 0.916703
6425 0.915261
6430 0.913951
6435 0.912708
6440 0.911448
6445 0.90998
6450 0.908348
6455 0.906491
6460 0.904412
6465 0.901898
6470 0.899014
6475 0.895749
6480 0.892082
6485 0.888018
6490 0.883654
6495 0.879015
6500 0.874111
6505 0.868985
6510 0.863761
6515 0.858542
6520 0.853323
6525 0.848171
6530 0.843044
6535 0.837968
6540 0.832913
6545 0.827898
6550 0.822953
6555 0.818026
6560 0.813055
6565 0.808012
6570 0.802865
6575 0.797576
6580 0.792125
6585 0.786525
6590 0.780797
6595 0.774926
6600 0.768943
6605 0.762934
6610 0.756962
6615 0.751105
6620 0.745413
6625 0.739945
6630 0.734771
6635 0.729952
6640 0.725562
6645 0.721669
6650 0.718296
6655 0.71549
6660 0.713224
6665 0.711449
6670 0.710107
6675 0.709124
6680 0.708484
6685 0.708144
6690 0.708061
6695 0.708129
6700 0.708337
6705 0.708743
6710 0.709443
6715 0.710522
6720 0.712097
6725 0.714353
6730 0.717534
6735 0.721884
6740 0.727709
6745 0.735368
6750 0.745114
6755 0.75718
6760 0.771708
6765 0.788647
6770 0.807767
6775 0.828293
6780 0.849075
6785 0.868232
6790 0.883167
6795 0.890856
6800 0.887934
6805 0.871658
6810 0.840187
6815 0.793395
6820 0.733063
6825 0.662281
6830 0.585995
6835 0.5087
6840 0.434819
6845 0.366996
6850 0.306922
6855 0.255253
6860 0.211655
6865 0.175674
6870 0.146471
6875 0.122761
6880 0.103476
6885 0.0876702
6890 0.0746699
6895 0.0639598
6900 0.0550871
6905 0.0476789
6910 0.0414652
6915 0.0361916
6920 0.0317152
6925 0.0278808
6930 0.0245816
6935 0.0217513
6940 0.0193093
6945 0.0171938
6950 0.0153498
6955 0.0137258
6960 0.0122919
6965 0.0110199
6970 0.00988856
6975 0.00888922
6980 0.00800018
6985 0.00720861
6990 0.00650184
6995 0.00586934
7000 0.00530525
7005 0.0047994
7010 0.00434702
7015 0.0039444
7020 0.00352711
7025 0.00250886
7030 0.00131952
7035 0.0002476
