@MEASUREMENT_RADIUS 21 cm
# lambda : Angstroms 
# tr : transmission ([0,1]) 
# end
5310 0.000193076
5315 0.00120167
5320 0.00270417
5325 0.00354583
5330 0.00386229
5335 0.00422023
5340 0.00462484
5345 0.00507563
5350 0.00557845
5355 0.00613751
5360 0.00675518
5365 0.00743897
5370 0.00819988
5375 0.00903829
5380 0.00996603
5385 0.0109935
5390 0.0121323
5395 0.0133939
5400 0.0147904
5405 0.0163308
5410 0.018045
5415 0.0199487
5420 0.0220661
5425 0.0244248
5430 0.0270365
5435 0.0299351
5440 0.0331665
5445 0.0367905
5450 0.0408764
5455 0.0454462
5460 0.0505196
5465 0.0561853
5470 0.06251
5475 0.0695493
5480 0.0773653
5485 0.0860139
5490 0.095587
5495 0.106131
5500 0.117692
5505 0.130371
5510 0.144213
5515 0.159245
5520 0.17547
5525 0.192849
5530 0.211466
5535 0.231298
5540 0.252347
5545 0.274631
5550 0.297946
5555 0.322149
5560 0.347031
5565 0.372181
5570 0.397301
5575 0.422071
5580 0.446304
5585 0.469841
5590 0.492458
5595 0.51396
5600 0.534177
5605 0.553057
5610 0.570749
5615 0.587288
5620 0.602749
5625 0.617301
5630 0.630934
5635 0.643791
5640 0.656009
5645 0.667669
5650 0.678842
5655 0.68956
5660 0.699931
5665 0.710021
5670 0.719731
5675 0.729037
5680 0.737813
5685 0.745839
5690 0.753146
5695 0.759959
5700 0.76612
5705 0.771498
5710 0.776007
5715 0.779631
5720 0.782349
5725 0.784087
5730 0.784834
5735 0.784535
5740 0.783191
5745 0.780766
5750 0.777177
5755 0.772467
5760 0.766788
5765 0.760181
5770 0.752655
5775 0.744379
5780 0.735607
5785 0.726637
5790 0.717723
5795 0.70896
5800 0.700515
5805 0.692633
5810 0.685477
5815 0.679197
5820 0.673949
5825 0.669784
5830 0.666742
5835 0.664848
5840 0.664146
5845 0.664607
5850 0.666172
5855 0.668746
5860 0.672266
5865 0.676543
5870 0.681409
5875 0.686727
5880 0.692371
5885 0.698148
5890 0.703863
5895 0.709343
5900 0.714521
5905 0.719318
5910 0.723644
5915 0.727488
5920 0.730892
5925 0.733897
5930 0.736569
5935 0.738985
5940 0.741281
5945 0.743588
5950 0.746008
5955 0.74864
5960 0.751585
5965 0.754928
5970 0.758762
5975 0.763124
5980 0.768008
5985 0.773424
5990 0.779443
5995 0.78605
6000 0.793117
6005 0.800523
6010 0.808208
6015 0.816095
6020 0.824174
6025 0.832393
6030 0.84064
6035 0.848842
6040 0.856996
6045 0.865028
6050 0.872901
6055 0.88056
6060 0.888004
6065 0.895166
6070 0.901925
6075 0.908268
6080 0.914188
6085 0.919621
6090 0.924577
6095 0.929037
6100 0.932969
6105 0.936315
6110 0.939097
6115 0.941365
6120 0.943167
6125 0.944473
6130 0.945342
6135 0.945841
6140 0.946066
6145 0.946032
6150 0.94576
6155 0.94537
6160 0.944999
6165 0.944696
6170 0.944459
6175 0.94432
6180 0.944311
6185 0.944486
6190 0.94484
6195 0.945383
6200 0.946065
6205 0.946865
6210 0.947759
6215 0.948724
6220 0.94967
6225 0.95053
6230 0.951319
6235 0.952008
6240 0.952556
6245 0.952894
6250 0.953039
6255 0.952996
6260 0.952763
6265 0.952356
6270 0.951766
6275 0.951028
6280 0.950136
6285 0.949112
6290 0.947988
6295 0.946759
6300 0.945392
6305 0.94385
6310 0.942096
6315 0.940083
6320 0.937846
6325 0.935342
6330 0.932536
6335 0.929423
6340 0.925986
6345 0.922197
6350 0.918095
6355 0.913735
6360 0.909124
6365 0.90426
6370 0.899199
6375 0.894051
6380 0.888857
6385 0.883698
6390 0.878663
6395 0.873807
6400 0.869198
6405 0.864848
6410 0.860761
6415 0.856991
6420 0.853539
6425 0.850371
6430 0.847557
6435 0.845062
6440 0.842821
6445 0.84076
6450 0.838799
6455 0.836916
6460 0.835034
6465 0.833108
6470 0.831094
6475 0.828944
6480 0.82662
6485 0.82411
6490 0.821439
6495 0.818657
6500 0.815747
6505 0.812734
6510 0.809678
6515 0.806654
6520 0.803738
6525 0.800969
6530 0.798306
6535 0.795844
6540 0.793624
6545 0.791663
6550 0.789986
6555 0.788593
6560 0.787489
6565 0.786575
6570 0.785855
6575 0.785319
6580 0.784926
6585 0.784616
6590 0.784363
6595 0.784146
6600 0.783978
6605 0.783833
6610 0.783684
6615 0.783569
6620 0.783509
6625 0.78354
6630 0.783682
6635 0.783989
6640 0.784508
6645 0.785299
6650 0.786404
6655 0.787856
6660 0.789667
6665 0.791839
6670 0.794357
6675 0.797237
6680 0.800477
6685 0.804042
6690 0.807887
6695 0.811962
6700 0.816263
6705 0.820783
6710 0.825534
6715 0.830516
6720 0.835711
6725 0.84112
6730 0.846741
6735 0.852524
6740 0.858422
6745 0.864228
6750 0.869581
6755 0.873903
6760 0.876344
6765 0.875907
6770 0.871262
6775 0.860926
6780 0.843426
6785 0.817451
6790 0.782326
6795 0.738052
6800 0.685602
6805 0.62682
6810 0.564068
6815 0.500147
6820 0.437459
6825 0.3782
6830 0.324001
6835 0.275558
6840 0.233308
6845 0.196857
6850 0.165863
6855 0.139826
6860 0.118027
6865 0.0999926
6870 0.0851633
6875 0.0729297
6880 0.062772
6885 0.0542688
6890 0.0471321
6895 0.0411278
6900 0.0360528
6905 0.0317581
6910 0.0280989
6915 0.0249457
6920 0.0222243
6925 0.0198551
6930 0.0177892
6935 0.0159906
6940 0.0144182
6945 0.0130416
6950 0.011829
6955 0.0107468
6960 0.00977502
6965 0.00890115
6970 0.00811633
6975 0.00741273
6980 0.00677457
6985 0.0061942
6990 0.00566566
6995 0.00518471
7000 0.00474954
7005 0.00435203
7010 0.00399191
7015 0.00349097
7020 0.00259283
7025 0.00137437
7030 0.000295157
