@MEASUREMENT_RADIUS 11.7 cm
# lambda : Angstroms 
# tr : transmission ([0,1]) 
# end
3280 1.85159e-05
3285 0.00213573
3290 0.00443382
3295 0.00572057
3300 0.00757896
3305 0.0102575
3310 0.0141997
3315 0.0200049
3320 0.0284677
3325 0.0407796
3330 0.0582085
3335 0.0828166
3340 0.116266
3345 0.158858
3350 0.211567
3355 0.273468
3360 0.341487
3365 0.414242
3370 0.485958
3375 0.55103
3380 0.605895
3385 0.64691
3390 0.671935
3395 0.68502
3400 0.687717
3405 0.682667
3410 0.673239
3415 0.664103
3420 0.65808
3425 0.652918
3430 0.645941
3435 0.636367
3440 0.628551
3445 0.630452
3450 0.647044
3455 0.678753
3460 0.717545
3465 0.752031
3470 0.773976
3475 0.777773
3480 0.765828
3485 0.74006
3490 0.711765
3495 0.703028
3500 0.708511
3505 0.722953
3510 0.741449
3515 0.75801
3520 0.768295
3525 0.7726
3530 0.773712
3535 0.775642
3540 0.781254
3545 0.790416
3550 0.799876
3555 0.807095
3560 0.810164
3565 0.808504
3570 0.800472
3575 0.782881
3580 0.754693
3585 0.719483
3590 0.684859
3595 0.661518
3600 0.657432
3605 0.672764
3610 0.699579
3615 0.727583
3620 0.749372
3625 0.762797
3630 0.771224
3635 0.777568
3640 0.781977
3645 0.78163
3650 0.773347
3655 0.756946
3660 0.737638
3665 0.722944
3670 0.715776
3675 0.712388
3680 0.702305
3685 0.675357
3690 0.630562
3695 0.578745
3700 0.536974
3705 0.520047
3710 0.529997
3715 0.556325
3720 0.583092
3725 0.59839
3730 0.600336
3735 0.595903
3740 0.591982
3745 0.589926
3750 0.585269
3755 0.574096
3760 0.559486
3765 0.551731
3770 0.561423
3775 0.59195
3780 0.63578
3785 0.677485
3790 0.704811
3795 0.714398
3800 0.713088
3805 0.711564
3810 0.717281
3815 0.731363
3820 0.749436
3825 0.766205
3830 0.779626
3835 0.790477
3840 0.799532
3845 0.806748
3850 0.811496
3855 0.813125
3860 0.812521
3865 0.810136
3870 0.80382
3875 0.790489
3880 0.767845
3885 0.737102
3890 0.704563
3895 0.678643
3900 0.6656
3905 0.667071
3910 0.678805
3915 0.693159
3920 0.703141
3925 0.705561
3930 0.701471
3935 0.695001
3940 0.690861
3945 0.691881
3950 0.698415
3955 0.708488
3960 0.719587
3965 0.729496
3970 0.73646
3975 0.739525
3980 0.739102
3985 0.736846
3990 0.734669
3995 0.73426
4000 0.73613
4005 0.738778
4010 0.739243
4015 0.734684
4020 0.724114
4025 0.709715
4030 0.695512
4035 0.685833
4040 0.683877
4045 0.689801
4050 0.700288
4055 0.710118
4060 0.714414
4065 0.710576
4070 0.698792
4075 0.681084
4080 0.659865
4085 0.636594
4090 0.6114
4095 0.582783
4100 0.549511
4105 0.511069
4110 0.467432
4115 0.420848
4120 0.373835
4125 0.328097
4130 0.285425
4135 0.246378
4140 0.211516
4145 0.181265
4150 0.154926
4155 0.132371
4160 0.113299
4165 0.0970856
4170 0.0834044
4175 0.0717687
4180 0.0618222
4185 0.0534309
4190 0.046259
4195 0.0401272
4200 0.0348988
4205 0.0303734
4210 0.026497
4215 0.0231647
4220 0.0202766
4225 0.0177871
4230 0.0156058
4235 0.013698
4240 0.0120462
4245 0.0105976
4250 0.009344
4255 0.00825953
4260 0.00730422
4265 0.00647661
4270 0.00576738
4275 0.0051629
4280 0.00465242
4285 0.00421508
4290 0.0038398
4295 0.00351661
4300 0.00325099
4305 0.00311591
4310 0.00309829
4315 0.00309869
4320 0.00309908
4325 0.00309947
4330 0.00309987
4335 0.00310026
4340 0.00310066
4345 0.00310105
4350 0.00310145
4355 0.00310184
4360 0.00310224
4365 0.00310263
4370 0.00310303
4375 0.00310342
4380 0.00310382
4385 0.00310421
4390 0.00310461
4395 0.003105
4400 0.0031054
4405 0.00310579
4410 0.00310618
4415 0.00310658
4420 0.00310697
4425 0.00310737
4430 0.00310776
4435 0.00310816
4440 0.00310855
4445 0.00310895
4450 0.00310934
4455 0.00310974
4460 0.00311013
4465 0.00311053
4470 0.00311092
4475 0.00311132
4480 0.00311171
4485 0.00311211
4490 0.0031125
4495 0.00311289
4500 0.00311329
4505 0.00311368
4510 0.00311408
4515 0.00311447
4520 0.00311487
4525 0.00311526
4530 0.00311566
4535 0.00311605
4540 0.00311645
4545 0.00311684
4550 0.00311724
4555 0.00311763
4560 0.00311803
4565 0.00311842
4570 0.00311882
4575 0.00311921
4580 0.0031196
4585 0.00312
4590 0.00312039
4595 0.00312079
4600 0.00312118
4605 0.00312158
4610 0.00312197
4615 0.00312237
4620 0.00312276
4625 0.00312316
4630 0.00312355
4635 0.00312395
4640 0.00312434
4645 0.00312474
4650 0.00312513
4655 0.00312552
4660 0.00312592
4665 0.00312631
4670 0.00312671
4675 0.0031271
4680 0.0031275
4685 0.00312789
4690 0.00312829
4695 0.00312868
4700 0.00312908
4705 0.00312947
4710 0.00312987
4715 0.00313026
4720 0.00313066
4725 0.00313105
4730 0.00313145
4735 0.00313184
4740 0.00313223
4745 0.00313263
4750 0.00313302
4755 0.00313342
4760 0.00313381
4765 0.00313421
4770 0.0031346
4775 0.003135
4780 0.00313539
4785 0.00313579
4790 0.00313618
4795 0.00313658
4800 0.00313697
4805 0.00313737
4810 0.00313776
4815 0.00313816
4820 0.00313855
4825 0.00313894
4830 0.00313934
4835 0.00313973
4840 0.00314013
4845 0.00314052
4850 0.00314092
4855 0.00314131
4860 0.00314171
4865 0.0031421
4870 0.0031425
4875 0.00314289
4880 0.00314329
4885 0.00314368
4890 0.00314408
4895 0.00314447
4900 0.00314487
4905 0.00314526
4910 0.00314565
4915 0.00314605
4920 0.00314644
4925 0.00314684
4930 0.00314723
4935 0.00314763
4940 0.00314802
4945 0.00314842
4950 0.00314881
4955 0.00314921
4960 0.0031496
4965 0.00315
4970 0.00315039
4975 0.00315079
4980 0.00315118
4985 0.00315158
4990 0.00315197
4995 0.00315236
5000 0.00315276
5005 0.00315315
5010 0.00315355
5015 0.00315394
5020 0.00315434
5025 0.00315502
5030 0.00321397
5035 0.00343704
5040 0.00380457
5045 0.00418315
5050 0.00454246
5055 0.00486965
5060 0.00514754
5065 0.00537709
5070 0.00556824
5075 0.00571805
5080 0.00583127
5085 0.00589829
5090 0.00588319
5095 0.00574227
5100 0.0054344
5105 0.00495546
5110 0.00433614
5115 0.00375585
5120 0.00346219
5125 0.00343046
5130 0.00343011
5135 0.00342977
5140 0.00342943
5145 0.00342908
5150 0.00342874
5155 0.00342839
5160 0.00342805
5165 0.00342771
5170 0.00342736
5175 0.00342702
5180 0.00342667
5185 0.00342633
5190 0.00342599
5195 0.00342564
5200 0.0034253
5205 0.00342495
5210 0.00342461
5215 0.00342427
5220 0.00342392
5225 0.00342358
5230 0.00342323
5235 0.00342289
5240 0.00342255
5245 0.0034222
5250 0.00342186
5255 0.00342151
5260 0.00342117
5265 0.00342083
5270 0.00342048
5275 0.00342014
5280 0.00341979
5285 0.00341945
5290 0.00341911
5295 0.00341876
5300 0.00341842
5305 0.00341807
5310 0.00341773
5315 0.00341739
5320 0.00341704
5325 0.0034167
5330 0.00341635
5335 0.00341601
5340 0.00341567
5345 0.00341532
5350 0.00341498
5355 0.00341463
5360 0.00341429
5365 0.00341395
5370 0.0034136
5375 0.00341326
5380 0.00341291
5385 0.00341257
5390 0.00341223
5395 0.00341188
5400 0.00341154
5405 0.00341119
5410 0.00341085
5415 0.00341051
5420 0.00341016
5425 0.00340982
5430 0.00340947
5435 0.00340913
5440 0.00340879
5445 0.00340844
5450 0.0034081
5455 0.00340775
5460 0.00340741
5465 0.00340707
5470 0.00340672
5475 0.00340638
5480 0.00340603
5485 0.00340569
5490 0.00340534
5495 0.003405
5500 0.00340466
5505 0.00340431
5510 0.00340397
5515 0.00340362
5520 0.00340328
5525 0.00340294
5530 0.00340259
5535 0.00340225
5540 0.0034019
5545 0.00340156
5550 0.00340122
5555 0.00340087
5560 0.00340053
5565 0.00340018
5570 0.00339984
5575 0.0033995
5580 0.00339915
5585 0.00339881
5590 0.00339846
5595 0.00339812
5600 0.00339778
5605 0.00339743
5610 0.00339709
5615 0.00339674
5620 0.0033964
5625 0.00339606
5630 0.00339571
5635 0.00339537
5640 0.00339502
5645 0.00339468
5650 0.00339434
5655 0.00339399
5660 0.00339365
5665 0.0033933
5670 0.00339296
5675 0.00339262
5680 0.00339227
5685 0.00339193
5690 0.00339158
5695 0.00339124
5700 0.0033909
5705 0.00339055
5710 0.00339021
5715 0.00338986
5720 0.00338952
5725 0.00338918
5730 0.00338883
5735 0.00338849
5740 0.00338814
5745 0.0033878
5750 0.00338746
5755 0.00338711
5760 0.00338677
5765 0.00338642
5770 0.00338608
5775 0.00338574
5780 0.00338539
5785 0.00338505
5790 0.0033847
5795 0.00338436
5800 0.00338402
5805 0.00338367
5810 0.00338333
5815 0.00338298
5820 0.00338264
5825 0.0033823
5830 0.00338195
5835 0.00338161
5840 0.00338126
5845 0.00338092
5850 0.00338058
5855 0.00338023
5860 0.00337989
5865 0.00337954
5870 0.0033792
5875 0.00337885
5880 0.00337851
5885 0.00337817
5890 0.00337782
5895 0.00337748
5900 0.00337713
5905 0.00337679
5910 0.00337645
5915 0.0033761
5920 0.00337576
5925 0.00337541
5930 0.00337507
5935 0.00337473
5940 0.00337438
5945 0.00337404
5950 0.00337369
5955 0.00337335
5960 0.00337301
5965 0.00337266
5970 0.00337232
5975 0.00337197
5980 0.00337163
5985 0.00337129
5990 0.00337094
5995 0.0033706
6000 0.00337025
6005 0.00336991
6010 0.00336957
6015 0.00336922
6020 0.00336888
6025 0.00336853
6030 0.00336819
6035 0.00336785
6040 0.0033675
6045 0.00336716
6050 0.00336681
6055 0.00336647
6060 0.00336613
6065 0.00336578
6070 0.00336544
6075 0.00336509
6080 0.00336475
6085 0.00336441
6090 0.00336406
6095 0.00336372
6100 0.00336337
6105 0.00336303
6110 0.00336269
6115 0.00336234
6120 0.003362
6125 0.00336165
6130 0.00336131
6135 0.00336097
6140 0.00336062
6145 0.00336028
6150 0.00335993
6155 0.00335959
6160 0.00335925
6165 0.0033589
6170 0.00335856
6175 0.00335821
6180 0.00335787
6185 0.00335753
6190 0.00335718
6195 0.00335684
6200 0.00335649
6205 0.00335615
6210 0.00335581
6215 0.00335546
6220 0.00335512
6225 0.00335477
6230 0.00335443
6235 0.00335409
6240 0.00335374
6245 0.0033534
6250 0.00335305
6255 0.00335271
6260 0.00335236
6265 0.00335202
6270 0.00335168
6275 0.00335133
6280 0.00335099
6285 0.00335064
6290 0.0033503
6295 0.00334996
6300 0.00334961
6305 0.00334927
6310 0.00334892
6315 0.00334858
6320 0.00334824
6325 0.00334789
6330 0.00334755
6335 0.0033472
6340 0.00334686
6345 0.00334652
6350 0.00334617
6355 0.00334583
6360 0.00334548
6365 0.00334514
6370 0.0033448
6375 0.00334445
6380 0.00334411
6385 0.00334376
6390 0.00334342
6395 0.00334308
6400 0.00334273
6405 0.00334239
6410 0.00334204
6415 0.0033417
6420 0.00334136
6425 0.00334101
6430 0.00334067
6435 0.00334032
6440 0.00333998
6445 0.00333964
6450 0.00333929
6455 0.00333895
6460 0.0033386
6465 0.00333826
6470 0.00333792
6475 0.00333757
6480 0.00333723
6485 0.00333688
6490 0.00333654
6495 0.0033362
6500 0.00333585
6505 0.00333551
6510 0.00333516
6515 0.00333482
6520 0.00333448
6525 0.00333413
6530 0.00333379
6535 0.00333344
6540 0.0033331
6545 0.00333276
6550 0.00333241
6555 0.00333207
6560 0.00333172
6565 0.00333138
6570 0.00333104
6575 0.00333069
6580 0.00333035
6585 0.00333
6590 0.00332966
6595 0.00332932
6600 0.00332897
6605 0.00332863
6610 0.00332828
6615 0.00332794
6620 0.0033276
6625 0.00332725
6630 0.00332691
6635 0.00332656
6640 0.00332622
6645 0.00332588
6650 0.00332553
6655 0.00332519
6660 0.00332484
6665 0.0033245
6670 0.00332415
6675 0.00332381
6680 0.00332347
6685 0.00332312
6690 0.00332278
6695 0.00332243
6700 0.00332209
6705 0.00332175
6710 0.0033214
6715 0.00332106
6720 0.00332071
6725 0.00332037
6730 0.00332003
6735 0.00331968
6740 0.00331934
6745 0.00331899
6750 0.00331865
6755 0.00331831
6760 0.00331796
6765 0.00331762
6770 0.00331727
6775 0.00331693
6780 0.00331659
6785 0.00331624
6790 0.0033159
6795 0.00331555
6800 0.00331521
6805 0.00331487
6810 0.00331452
6815 0.00331418
6820 0.00331383
6825 0.00331349
6830 0.00331315
6835 0.0033128
6840 0.00331246
6845 0.00331211
6850 0.00331177
6855 0.00331143
6860 0.00331108
6865 0.00331074
6870 0.00331039
6875 0.00331005
6880 0.00330971
6885 0.00330936
6890 0.00330902
6895 0.00330867
6900 0.00330833
6905 0.00330799
6910 0.00330764
6915 0.0033073
6920 0.00330695
6925 0.00330661
6930 0.00330627
6935 0.00330592
6940 0.00330558
6945 0.00330523
6950 0.00330489
6955 0.00330455
6960 0.0033042
6965 0.00330386
6970 0.00330351
6975 0.00330317
6980 0.00330283
6985 0.00330248
6990 0.00330214
6995 0.00330179
7000 0.00330145
7005 0.00330111
7010 0.00330076
7015 0.00330042
7020 0.00330007
7025 0.00329973
7030 0.00329939
7035 0.00329904
7040 0.0032987
7045 0.00329835
7050 0.00329801
7055 0.00329766
7060 0.00329732
7065 0.00329698
7070 0.00329663
7075 0.00329629
7080 0.00329594
7085 0.0032956
7090 0.00329526
7095 0.00329491
7100 0.00329457
7105 0.00329422
7110 0.00329388
7115 0.00329354
7120 0.00329319
7125 0.00329285
7130 0.0032925
7135 0.00329216
7140 0.00329182
7145 0.00329147
7150 0.00329113
7155 0.00329078
7160 0.00329044
7165 0.0032901
7170 0.00328975
7175 0.00328941
7180 0.00328906
7185 0.00328872
7190 0.00328838
7195 0.00328803
7200 0.00328769
7205 0.00328734
7210 0.003287
7215 0.00328666
7220 0.00328631
7225 0.00328597
7230 0.00328562
7235 0.00328528
7240 0.00328494
7245 0.00328459
7250 0.00328425
7255 0.0032839
7260 0.00328356
7265 0.00328322
7270 0.00328287
7275 0.00328253
7280 0.00328218
7285 0.00328184
7290 0.0032815
7295 0.00328115
7300 0.00328081
7305 0.00328046
7310 0.00328012
7315 0.00327978
7320 0.00327943
7325 0.00327909
7330 0.00327874
7335 0.0032784
7340 0.00327806
7345 0.00327771
7350 0.00327737
7355 0.00327702
7360 0.00327668
7365 0.00327634
7370 0.00327599
7375 0.00327565
7380 0.0032753
7385 0.00327496
7390 0.00327462
7395 0.00327427
7400 0.00327393
7405 0.00327358
7410 0.00327324
7415 0.0032729
7420 0.00327255
7425 0.00327221
7430 0.00327186
7435 0.00327152
7440 0.00327117
7445 0.00327083
7450 0.00327049
7455 0.00327014
7460 0.0032698
7465 0.00326945
7470 0.00326911
7475 0.00326877
7480 0.00326842
7485 0.00326808
7490 0.00326773
7495 0.00326739
7500 0.00326705
7505 0.0032667
7510 0.00326636
7515 0.00326601
7520 0.00326567
7525 0.00326533
7530 0.00326498
7535 0.00326464
7540 0.00326429
7545 0.00326395
7550 0.00326361
7555 0.00326326
7560 0.00326292
7565 0.00326257
7570 0.00326223
7575 0.00326189
7580 0.00326154
7585 0.0032612
7590 0.00326085
7595 0.00326051
7600 0.00326017
7605 0.00325982
7610 0.00325948
7615 0.00325913
7620 0.00325879
7625 0.00325845
7630 0.0032581
7635 0.00325776
7640 0.00325741
7645 0.00325707
7650 0.00325673
7655 0.00325638
7660 0.00325604
7665 0.00325569
7670 0.00325535
7675 0.00325501
7680 0.00325466
7685 0.00325432
7690 0.00325397
7695 0.00325363
7700 0.00325329
7705 0.00325294
7710 0.0032526
7715 0.00325225
7720 0.00325191
7725 0.00325157
7730 0.00325122
7735 0.00325088
7740 0.00325053
7745 0.00325019
7750 0.00324985
7755 0.0032495
7760 0.00324916
7765 0.00324881
7770 0.00324847
7775 0.00324813
7780 0.00324778
7785 0.00324744
7790 0.00324709
7795 0.00324675
7800 0.00324641
7805 0.00324606
7810 0.00324572
7815 0.00324537
7820 0.00324503
7825 0.00324469
7830 0.00324434
7835 0.003244
7840 0.00324365
7845 0.00324331
7850 0.00324296
7855 0.00324262
7860 0.00324228
7865 0.00324193
7870 0.00324159
7875 0.00324124
7880 0.0032409
7885 0.00324056
7890 0.00324021
7895 0.00323987
7900 0.00323952
7905 0.00323918
7910 0.00323884
7915 0.00323849
7920 0.00323815
7925 0.0032378
7930 0.00323746
7935 0.00323712
7940 0.00323677
7945 0.00323643
7950 0.00323608
7955 0.00323574
7960 0.0032354
7965 0.00323505
7970 0.00323471
7975 0.00323436
7980 0.00323402
7985 0.00323368
7990 0.00323333
7995 0.00323299
8000 0.00323264
8005 0.0032323
8010 0.00323196
8015 0.00323161
8020 0.00323127
8025 0.00323092
8030 0.00323058
8035 0.00323024
8040 0.00322989
8045 0.00322955
8050 0.0032292
8055 0.00322886
8060 0.00322852
8065 0.00322817
8070 0.00322783
8075 0.00322748
8080 0.00322714
8085 0.0032268
8090 0.00322645
8095 0.00322611
8100 0.00322576
8105 0.00322542
8110 0.00322508
8115 0.00322473
8120 0.00322439
8125 0.00322404
8130 0.0032237
8135 0.00322336
8140 0.00322301
8145 0.00322267
8150 0.00322232
8155 0.00322198
8160 0.00322164
8165 0.00322129
8170 0.00322095
8175 0.0032206
8180 0.00322026
8185 0.00321992
8190 0.00321957
8195 0.00321923
8200 0.00321888
8205 0.00321854
8210 0.0032182
8215 0.00321785
8220 0.00321751
8225 0.00321716
8230 0.00321682
8235 0.00321647
8240 0.00321613
8245 0.00321579
8250 0.00321544
8255 0.0032151
8260 0.00321475
8265 0.00321441
8270 0.00321407
8275 0.00321372
8280 0.00321338
8285 0.00321303
8290 0.00321269
8295 0.00321235
8300 0.003212
8305 0.00321166
8310 0.00321131
8315 0.00321097
8320 0.00321063
8325 0.00321028
8330 0.00320994
8335 0.00320959
8340 0.00320925
8345 0.00320891
8350 0.00320856
8355 0.00320822
8360 0.00320787
8365 0.00320753
8370 0.00320719
8375 0.00320684
8380 0.0032065
8385 0.00320615
8390 0.00320581
8395 0.00320547
8400 0.00320512
8405 0.00320478
8410 0.00320443
8415 0.00320409
8420 0.00320375
8425 0.0032034
8430 0.00320306
8435 0.00320271
8440 0.00320237
8445 0.00320203
8450 0.00320168
8455 0.00320134
8460 0.00320099
8465 0.00320065
8470 0.00320031
8475 0.00319996
8480 0.00319962
8485 0.00319927
8490 0.00319893
8495 0.00319859
8500 0.00319824
8505 0.0031979
8510 0.00319755
8515 0.00319721
8520 0.00319687
8525 0.00319652
8530 0.00319618
8535 0.00319583
8540 0.00319549
8545 0.00319515
8550 0.0031948
8555 0.00319446
8560 0.00319411
8565 0.00319377
8570 0.00319343
8575 0.00319308
8580 0.00319274
8585 0.00319239
8590 0.00319205
8595 0.00319171
8600 0.00319136
8605 0.00319102
8610 0.00319067
8615 0.00319033
8620 0.00318998
8625 0.00318964
8630 0.0031893
8635 0.00318895
8640 0.00318861
8645 0.00318826
8650 0.00318792
8655 0.00318758
8660 0.00318723
8665 0.00318689
8670 0.00318654
8675 0.0031862
8680 0.00318586
8685 0.00318551
8690 0.00318517
8695 0.00318482
8700 0.00318448
8705 0.00318414
8710 0.00318379
8715 0.00318345
8720 0.0031831
8725 0.00318276
8730 0.00318242
8735 0.00318207
8740 0.00318173
8745 0.00318138
8750 0.00318104
8755 0.0031807
8760 0.00318035
8765 0.00318001
8770 0.00317966
8775 0.00317932
8780 0.00317898
8785 0.00317863
8790 0.00317829
8795 0.00317794
8800 0.0031776
8805 0.00317726
8810 0.00317691
8815 0.00317657
8820 0.00317622
8825 0.00317588
8830 0.00317554
8835 0.00317519
8840 0.00317485
8845 0.0031745
8850 0.00317416
8855 0.00317382
8860 0.00317347
8865 0.00317313
8870 0.00317278
8875 0.00317244
8880 0.0031721
8885 0.00317175
8890 0.00317141
8895 0.00317106
8900 0.00317072
8905 0.00317038
8910 0.00317003
8915 0.00316969
8920 0.00316934
8925 0.003169
8930 0.00316866
8935 0.00316831
8940 0.00316797
8945 0.00316762
8950 0.00316728
8955 0.00316694
8960 0.00316659
8965 0.00316625
8970 0.0031659
8975 0.00316556
8980 0.00316522
8985 0.00316487
8990 0.00316453
8995 0.00316418
9000 0.00316384
9005 0.0031635
9010 0.00316315
9015 0.00316281
9020 0.00316246
9025 0.00316212
9030 0.00316177
9035 0.00316143
9040 0.00316109
9045 0.00316074
9050 0.0031604
9055 0.00316005
9060 0.00315971
9065 0.00315937
9070 0.00315902
9075 0.00315868
9080 0.00315833
9085 0.00315799
9090 0.00315765
9095 0.0031573
9100 0.00315696
9105 0.00315661
9110 0.00315627
9115 0.00315593
9120 0.00315558
9125 0.00315524
9130 0.00315489
9135 0.00315455
9140 0.00315421
9145 0.00315386
9150 0.00315352
9155 0.00315317
9160 0.00315283
9165 0.00315249
9170 0.00315214
9175 0.0031518
9180 0.00315145
9185 0.00315111
9190 0.00315077
9195 0.00315042
9200 0.00315008
9205 0.00314973
9210 0.00314939
9215 0.00314905
9220 0.0031487
9225 0.00314836
9230 0.00314801
9235 0.00314767
9240 0.00314733
9245 0.00314698
9250 0.00314664
9255 0.00314629
9260 0.00314595
9265 0.00314561
9270 0.00314526
9275 0.00314492
9280 0.00314457
9285 0.00314423
9290 0.00314389
9295 0.00314354
9300 0.0031432
9305 0.00314285
9310 0.00314251
9315 0.00314217
9320 0.00314182
9325 0.00314148
9330 0.00314113
9335 0.00314079
9340 0.00314045
9345 0.0031401
9350 0.00313976
9355 0.00313941
9360 0.00313907
9365 0.00313873
9370 0.00313838
9375 0.00313804
9380 0.00313769
9385 0.00313735
9390 0.00313701
9395 0.00313666
9400 0.00313632
9405 0.00313597
9410 0.00313563
9415 0.00313528
9420 0.00313494
9425 0.0031346
9430 0.00313425
9435 0.00313391
9440 0.00313356
9445 0.00313322
9450 0.00313288
9455 0.00313253
9460 0.00313219
9465 0.00313184
9470 0.0031315
9475 0.00313116
9480 0.00313081
9485 0.00313047
9490 0.00313012
9495 0.00312978
9500 0.00312944
9505 0.00312909
9510 0.00312875
9515 0.0031284
9520 0.00312806
9525 0.00312772
9530 0.00312737
9535 0.00312703
9540 0.00312668
9545 0.00312634
9550 0.003126
9555 0.00312565
9560 0.00312531
9565 0.00312496
9570 0.00312462
9575 0.00312428
9580 0.00312393
9585 0.00312359
9590 0.00312324
9595 0.0031229
9600 0.00312256
9605 0.00312221
9610 0.00312187
9615 0.00312152
9620 0.00312118
9625 0.00312084
9630 0.00312049
9635 0.00312015
9640 0.0031198
9645 0.00311946
9650 0.00311912
9655 0.00311877
9660 0.00311843
9665 0.00311808
9670 0.00311774
9675 0.0031174
9680 0.00311705
9685 0.00311671
9690 0.00311636
9695 0.00311602
9700 0.00311568
9705 0.00311533
9710 0.00311499
9715 0.00311464
9720 0.0031143
9725 0.00311396
9730 0.00311361
9735 0.00311327
9740 0.00311292
9745 0.00311258
9750 0.00311224
9755 0.00311189
9760 0.00311155
9765 0.0031112
9770 0.00311086
9775 0.00311052
9780 0.00311017
9785 0.00310983
9790 0.00310948
9795 0.00310914
9800 0.00310879
9805 0.00310845
9810 0.00310811
9815 0.00310776
9820 0.00310742
9825 0.00310707
9830 0.00310673
9835 0.00310639
9840 0.00310604
9845 0.0031057
9850 0.00310535
9855 0.00310501
9860 0.00310467
9865 0.00310432
9870 0.00310398
9875 0.00310363
9880 0.00310329
9885 0.00310295
9890 0.0031026
9895 0.00310226
9900 0.00310191
9905 0.00310157
9910 0.00310123
9915 0.00310088
9920 0.00310054
9925 0.00310019
9930 0.00309985
9935 0.00309951
9940 0.00309916
9945 0.00309882
9950 0.00309847
9955 0.00309813
9960 0.00309779
9965 0.00309744
9970 0.0030971
9975 0.00309675
9980 0.00309641
9985 0.00309607
9990 0.00309572
9995 0.00309538
10000 0.00309503
10005 0.00309469
10010 0.00309435
10015 0.003094
10020 0.00309366
10025 0.00309331
10030 0.00309297
10035 0.00309263
10040 0.00309228
10045 0.00309194
10050 0.00309159
10055 0.00309125
10060 0.00309091
10065 0.00309056
10070 0.00309022
10075 0.00308987
10080 0.00308953
10085 0.00308919
10090 0.00308884
10095 0.0030885
10100 0.00308815
10105 0.00308781
10110 0.00308747
10115 0.00308712
10120 0.00308678
10125 0.00308643
10130 0.00308609
10135 0.00308575
10140 0.0030854
10145 0.00308506
10150 0.00308471
10155 0.00308437
10160 0.00308403
10165 0.00308368
10170 0.00308334
10175 0.00308299
10180 0.00308265
10185 0.00308231
10190 0.00308196
10195 0.00308162
10200 0.00308127
10205 0.00308093
10210 0.00308058
10215 0.00308024
10220 0.0030799
10225 0.00307955
10230 0.00307921
10235 0.00307886
10240 0.00307852
10245 0.00307818
10250 0.00307783
10255 0.00307749
10260 0.00307714
10265 0.0030768
10270 0.00307646
10275 0.00307611
10280 0.00307577
10285 0.00307542
10290 0.00307508
10295 0.00307474
10300 0.00307439
10305 0.00307405
10310 0.0030737
10315 0.00307336
10320 0.00307302
10325 0.00307267
10330 0.00307233
10335 0.00307198
10340 0.00307164
10345 0.0030713
10350 0.00307095
10355 0.00307061
10360 0.00307026
10365 0.00306992
10370 0.00306958
10375 0.00306923
10380 0.00306889
10385 0.00306854
10390 0.0030682
10395 0.00306786
10400 0.00306751
10405 0.00306717
10410 0.00306682
10415 0.00306648
10420 0.00306614
10425 0.00306579
10430 0.00306545
10435 0.0030651
10440 0.00306476
10445 0.00306442
10450 0.00306407
10455 0.00306373
10460 0.00306338
10465 0.00306304
10470 0.0030627
10475 0.00306235
10480 0.00306201
10485 0.00306166
10490 0.00306132
10495 0.00306098
10500 0.00306063
10505 0.00306029
10510 0.00305994
10515 0.0030596
10520 0.00305926
10525 0.00305891
10530 0.00305857
10535 0.00305822
10540 0.00305788
10545 0.00305754
10550 0.00305719
10555 0.00305685
10560 0.0030565
10565 0.00305616
10570 0.00305582
10575 0.00305547
10580 0.00305513
10585 0.00305478
10590 0.00305444
10595 0.00305409
10600 0.00305375
10605 0.00305341
10610 0.00305306
10615 0.00305272
10620 0.00305237
10625 0.00305203
10630 0.00305169
10635 0.00305134
10640 0.003051
10645 0.00305065
10650 0.00305031
10655 0.00304997
10660 0.00304962
10665 0.00304928
10670 0.00304893
10675 0.00304859
10680 0.00304825
10685 0.0030479
10690 0.00304756
10695 0.00304721
10700 0.00304687
10705 0.00304653
10710 0.00304618
10715 0.00304584
10720 0.00304549
10725 0.00304515
10730 0.00304481
10735 0.00304446
10740 0.00304412
10745 0.00304377
10750 0.00304343
10755 0.00304309
10760 0.00304274
10765 0.0030424
10770 0.00304205
10775 0.00304171
10780 0.00304137
10785 0.00304102
10790 0.00304068
10795 0.00304033
10800 0.00303999
10805 0.00303965
10810 0.0030393
10815 0.00303896
10820 0.00303861
10825 0.00303827
10830 0.00303793
10835 0.00303758
10840 0.00303724
10845 0.00303689
10850 0.00303655
10855 0.00303621
10860 0.00303586
10865 0.00303552
10870 0.00303517
10875 0.00303483
10880 0.00303433
10885 0.00303488
10890 0.00304482
10895 0.00306929
10900 0.0031067
10905 0.00315913
10910 0.00322674
10915 0.00329479
10920 0.00336553
10925 0.00344441
10930 0.00352723
10935 0.00361407
10940 0.00370994
10945 0.00380965
10950 0.00391058
10955 0.004015
10960 0.00412588
10965 0.00424253
10970 0.00407956
10975 0.00341723
10980 0.00254846
10985 0.00164629
10990 0.000731278
10995 2.02548e-05
