@MEASUREMENT_RADIUS 14 cm
# lambda : Angstroms 
# tr : transmission ([0,1]) 
# end
3280 4.00532e-05
3285 0.00189751
3290 0.00393233
3295 0.00505809
3300 0.00665374
3305 0.00895379
3310 0.012332
3315 0.0172597
3320 0.0243738
3325 0.0346582
3330 0.0491771
3335 0.0696089
3340 0.097505
3345 0.133649
3350 0.17974
3355 0.235931
3360 0.301024
3365 0.374029
3370 0.449357
3375 0.521652
3380 0.586207
3385 0.636912
3390 0.66999
3395 0.689067
3400 0.695023
3405 0.692476
3410 0.686847
3415 0.681467
3420 0.677825
3425 0.673366
3430 0.665477
3435 0.656539
3440 0.652759
3445 0.661073
3450 0.684125
3455 0.717034
3460 0.749769
3465 0.77286
3470 0.781776
3475 0.776467
3480 0.761808
3485 0.740514
3490 0.721042
3495 0.71817
3500 0.726619
3505 0.740548
3510 0.755487
3515 0.766702
3520 0.771871
3525 0.77312
3530 0.773758
3535 0.777235
3540 0.784174
3545 0.793339
3550 0.801428
3555 0.806765
3560 0.808277
3565 0.805444
3570 0.795912
3575 0.776495
3580 0.747849
3585 0.716059
3590 0.690001
3595 0.678279
3600 0.684448
3605 0.704404
3610 0.728661
3615 0.749132
3620 0.762473
3625 0.769853
3630 0.774645
3635 0.777945
3640 0.777965
3645 0.771794
3650 0.757752
3655 0.739199
3660 0.723113
3665 0.715468
3670 0.71482
3675 0.71289
3680 0.698199
3685 0.664607
3690 0.618453
3695 0.575363
3700 0.551259
3705 0.553655
3710 0.576202
3715 0.603977
3720 0.622861
3725 0.627726
3730 0.62337
3735 0.618136
3740 0.615405
3745 0.612699
3750 0.60506
3755 0.592402
3760 0.582573
3765 0.58631
3770 0.609275
3775 0.647661
3780 0.689148
3785 0.720139
3790 0.734871
3795 0.736462
3800 0.73359
3805 0.733777
3810 0.74009
3815 0.750991
3820 0.76297
3825 0.774108
3830 0.784751
3835 0.795092
3840 0.804142
3845 0.810915
3850 0.815165
3855 0.817263
3860 0.81762
3865 0.81493
3870 0.805432
3875 0.786287
3880 0.758065
3885 0.725828
3890 0.697814
3895 0.681203
3900 0.678569
3905 0.687135
3910 0.700303
3915 0.710759
3920 0.714091
3925 0.710388
3930 0.702764
3935 0.695463
3940 0.691901
3945 0.693501
3950 0.699538
3955 0.708154
3960 0.717209
3965 0.724704
3970 0.729217
3975 0.730685
3980 0.730108
3985 0.729397
3990 0.730559
3995 0.734302
4000 0.73922
4005 0.742412
4010 0.740844
4015 0.732868
4020 0.719459
4025 0.704658
4030 0.693142
4035 0.688238
4040 0.691295
4045 0.700093
4050 0.709918
4055 0.716193
4060 0.716008
4065 0.709006
4070 0.696839
4075 0.681886
4080 0.665967
4085 0.649239
4090 0.630584
4095 0.60794
4100 0.5797
4105 0.545453
4110 0.505372
4115 0.46133
4120 0.415516
4125 0.369601
4130 0.325548
4135 0.284207
4140 0.246573
4145 0.21321
4150 0.183545
4155 0.157751
4160 0.135605
4165 0.116468
4170 0.100099
4175 0.0860924
4180 0.0740704
4185 0.0638741
4190 0.055148
4195 0.0476967
4200 0.0413444
4205 0.0358526
4210 0.0311579
4215 0.0271326
4220 0.023648
4225 0.0206436
4230 0.0180262
4235 0.0157571
4240 0.0138038
4245 0.0121021
4250 0.0106316
4255 0.00935711
4260 0.00824089
4265 0.00728151
4270 0.00646148
4275 0.00576447
4280 0.00517605
4285 0.00467394
4290 0.00424535
4295 0.00387927
4300 0.0035633
4305 0.00330559
4310 0.00317072
4315 0.00315249
4320 0.00315263
4325 0.00315277
4330 0.00315291
4335 0.00315306
4340 0.0031532
4345 0.00315334
4350 0.00315348
4355 0.00315363
4360 0.00315377
4365 0.00315391
4370 0.00315405
4375 0.0031542
4380 0.00315434
4385 0.00315448
4390 0.00315462
4395 0.00315477
4400 0.00315491
4405 0.00315505
4410 0.00315519
4415 0.00315534
4420 0.00315548
4425 0.00315562
4430 0.00315576
4435 0.00315591
4440 0.00315605
4445 0.00315619
4450 0.00315633
4455 0.00315648
4460 0.00315662
4465 0.00315676
4470 0.0031569
4475 0.00315705
4480 0.00315719
4485 0.00315733
4490 0.00315747
4495 0.00315762
4500 0.00315776
4505 0.0031579
4510 0.00315804
4515 0.00315819
4520 0.00315833
4525 0.00315847
4530 0.00315861
4535 0.00315876
4540 0.0031589
4545 0.00315904
4550 0.00315919
4555 0.00315933
4560 0.00315947
4565 0.00315961
4570 0.00315976
4575 0.0031599
4580 0.00316004
4585 0.00316018
4590 0.00316033
4595 0.00316047
4600 0.00316061
4605 0.00316075
4610 0.0031609
4615 0.00316104
4620 0.00316118
4625 0.00316132
4630 0.00316147
4635 0.00316161
4640 0.00316175
4645 0.00316189
4650 0.00316204
4655 0.00316218
4660 0.00316232
4665 0.00316246
4670 0.00316261
4675 0.00316275
4680 0.00316289
4685 0.00316303
4690 0.00316318
4695 0.00316332
4700 0.00316346
4705 0.0031636
4710 0.00316375
4715 0.00316389
4720 0.00316403
4725 0.00316417
4730 0.00316432
4735 0.00316446
4740 0.0031646
4745 0.00316474
4750 0.00316489
4755 0.00316503
4760 0.00316517
4765 0.00316531
4770 0.00316546
4775 0.0031656
4780 0.00316574
4785 0.00316588
4790 0.00316603
4795 0.00316617
4800 0.00316631
4805 0.00316645
4810 0.0031666
4815 0.00316674
4820 0.00316688
4825 0.00316702
4830 0.00316717
4835 0.00316731
4840 0.00316745
4845 0.00316759
4850 0.00316774
4855 0.00316788
4860 0.00316802
4865 0.00316816
4870 0.00316831
4875 0.00316845
4880 0.00316859
4885 0.00316873
4890 0.00316888
4895 0.00316902
4900 0.00316916
4905 0.0031693
4910 0.00316945
4915 0.00316959
4920 0.00316973
4925 0.00316987
4930 0.00317002
4935 0.00317016
4940 0.0031703
4945 0.00317044
4950 0.00317059
4955 0.00317073
4960 0.00317087
4965 0.00317101
4970 0.00317116
4975 0.0031713
4980 0.00317144
4985 0.00317158
4990 0.00317173
4995 0.00317187
5000 0.00317201
5005 0.00317215
5010 0.0031723
5015 0.00317244
5020 0.00317258
5025 0.00317353
5030 0.00324066
5035 0.00348463
5040 0.00387637
5045 0.00425911
5050 0.00459609
5055 0.0048803
5060 0.00510496
5065 0.00527848
5070 0.00541997
5075 0.00553317
5080 0.00561614
5085 0.00564845
5090 0.00559015
5095 0.00540585
5100 0.00506755
5105 0.00458101
5110 0.00398195
5115 0.00343267
5120 0.00315299
5125 0.00312211
5130 0.00312206
5135 0.00312201
5140 0.00312195
5145 0.0031219
5150 0.00312185
5155 0.0031218
5160 0.00312175
5165 0.00312169
5170 0.00312164
5175 0.00312159
5180 0.00312154
5185 0.00312149
5190 0.00312144
5195 0.00312138
5200 0.00312133
5205 0.00312128
5210 0.00312123
5215 0.00312118
5220 0.00312112
5225 0.00312107
5230 0.00312102
5235 0.00312097
5240 0.00312092
5245 0.00312086
5250 0.00312081
5255 0.00312076
5260 0.00312071
5265 0.00312066
5270 0.0031206
5275 0.00312055
5280 0.0031205
5285 0.00312045
5290 0.0031204
5295 0.00312034
5300 0.00312029
5305 0.00312024
5310 0.00312019
5315 0.00312014
5320 0.00312008
5325 0.00312003
5330 0.00311998
5335 0.00311993
5340 0.00311988
5345 0.00311983
5350 0.00311977
5355 0.00311972
5360 0.00311967
5365 0.00311962
5370 0.00311957
5375 0.00311951
5380 0.00311946
5385 0.00311941
5390 0.00311936
5395 0.00311931
5400 0.00311925
5405 0.0031192
5410 0.00311915
5415 0.0031191
5420 0.00311905
5425 0.00311899
5430 0.00311894
5435 0.00311889
5440 0.00311884
5445 0.00311879
5450 0.00311873
5455 0.00311868
5460 0.00311863
5465 0.00311858
5470 0.00311853
5475 0.00311847
5480 0.00311842
5485 0.00311837
5490 0.00311832
5495 0.00311827
5500 0.00311821
5505 0.00311816
5510 0.00311811
5515 0.00311806
5520 0.00311801
5525 0.00311796
5530 0.0031179
5535 0.00311785
5540 0.0031178
5545 0.00311775
5550 0.0031177
5555 0.00311764
5560 0.00311759
5565 0.00311754
5570 0.00311749
5575 0.00311744
5580 0.00311738
5585 0.00311733
5590 0.00311728
5595 0.00311723
5600 0.00311718
5605 0.00311712
5610 0.00311707
5615 0.00311702
5620 0.00311697
5625 0.00311692
5630 0.00311686
5635 0.00311681
5640 0.00311676
5645 0.00311671
5650 0.00311666
5655 0.0031166
5660 0.00311655
5665 0.0031165
5670 0.00311645
5675 0.0031164
5680 0.00311634
5685 0.00311629
5690 0.00311624
5695 0.00311619
5700 0.00311614
5705 0.00311609
5710 0.00311603
5715 0.00311598
5720 0.00311593
5725 0.00311588
5730 0.00311583
5735 0.00311577
5740 0.00311572
5745 0.00311567
5750 0.00311562
5755 0.00311557
5760 0.00311551
5765 0.00311546
5770 0.00311541
5775 0.00311536
5780 0.00311531
5785 0.00311525
5790 0.0031152
5795 0.00311515
5800 0.0031151
5805 0.00311505
5810 0.00311499
5815 0.00311494
5820 0.00311489
5825 0.00311484
5830 0.00311479
5835 0.00311473
5840 0.00311468
5845 0.00311463
5850 0.00311458
5855 0.00311453
5860 0.00311448
5865 0.00311442
5870 0.00311437
5875 0.00311432
5880 0.00311427
5885 0.00311422
5890 0.00311416
5895 0.00311411
5900 0.00311406
5905 0.00311401
5910 0.00311396
5915 0.0031139
5920 0.00311385
5925 0.0031138
5930 0.00311375
5935 0.0031137
5940 0.00311364
5945 0.00311359
5950 0.00311354
5955 0.00311349
5960 0.00311344
5965 0.00311338
5970 0.00311333
5975 0.00311328
5980 0.00311323
5985 0.00311318
5990 0.00311312
5995 0.00311307
6000 0.00311302
6005 0.00311297
6010 0.00311292
6015 0.00311286
6020 0.00311281
6025 0.00311276
6030 0.00311271
6035 0.00311266
6040 0.00311261
6045 0.00311255
6050 0.0031125
6055 0.00311245
6060 0.0031124
6065 0.00311235
6070 0.00311229
6075 0.00311224
6080 0.00311219
6085 0.00311214
6090 0.00311209
6095 0.00311203
6100 0.00311198
6105 0.00311193
6110 0.00311188
6115 0.00311183
6120 0.00311177
6125 0.00311172
6130 0.00311167
6135 0.00311162
6140 0.00311157
6145 0.00311151
6150 0.00311146
6155 0.00311141
6160 0.00311136
6165 0.00311131
6170 0.00311125
6175 0.0031112
6180 0.00311115
6185 0.0031111
6190 0.00311105
6195 0.00311099
6200 0.00311094
6205 0.00311089
6210 0.00311084
6215 0.00311079
6220 0.00311074
6225 0.00311068
6230 0.00311063
6235 0.00311058
6240 0.00311053
6245 0.00311048
6250 0.00311042
6255 0.00311037
6260 0.00311032
6265 0.00311027
6270 0.00311022
6275 0.00311016
6280 0.00311011
6285 0.00311006
6290 0.00311001
6295 0.00310996
6300 0.0031099
6305 0.00310985
6310 0.0031098
6315 0.00310975
6320 0.0031097
6325 0.00310964
6330 0.00310959
6335 0.00310954
6340 0.00310949
6345 0.00310944
6350 0.00310938
6355 0.00310933
6360 0.00310928
6365 0.00310923
6370 0.00310918
6375 0.00310913
6380 0.00310907
6385 0.00310902
6390 0.00310897
6395 0.00310892
6400 0.00310887
6405 0.00310881
6410 0.00310876
6415 0.00310871
6420 0.00310866
6425 0.00310861
6430 0.00310855
6435 0.0031085
6440 0.00310845
6445 0.0031084
6450 0.00310835
6455 0.00310829
6460 0.00310824
6465 0.00310819
6470 0.00310814
6475 0.00310809
6480 0.00310803
6485 0.00310798
6490 0.00310793
6495 0.00310788
6500 0.00310783
6505 0.00310777
6510 0.00310772
6515 0.00310767
6520 0.00310762
6525 0.00310757
6530 0.00310751
6535 0.00310746
6540 0.00310741
6545 0.00310736
6550 0.00310731
6555 0.00310726
6560 0.0031072
6565 0.00310715
6570 0.0031071
6575 0.00310705
6580 0.003107
6585 0.00310694
6590 0.00310689
6595 0.00310684
6600 0.00310679
6605 0.00310674
6610 0.00310668
6615 0.00310663
6620 0.00310658
6625 0.00310653
6630 0.00310648
6635 0.00310642
6640 0.00310637
6645 0.00310632
6650 0.00310627
6655 0.00310622
6660 0.00310616
6665 0.00310611
6670 0.00310606
6675 0.00310601
6680 0.00310596
6685 0.0031059
6690 0.00310585
6695 0.0031058
6700 0.00310575
6705 0.0031057
6710 0.00310564
6715 0.00310559
6720 0.00310554
6725 0.00310549
6730 0.00310544
6735 0.00310539
6740 0.00310533
6745 0.00310528
6750 0.00310523
6755 0.00310518
6760 0.00310513
6765 0.00310507
6770 0.00310502
6775 0.00310497
6780 0.00310492
6785 0.00310487
6790 0.00310481
6795 0.00310476
6800 0.00310471
6805 0.00310466
6810 0.00310461
6815 0.00310455
6820 0.0031045
6825 0.00310445
6830 0.0031044
6835 0.00310435
6840 0.00310429
6845 0.00310424
6850 0.00310419
6855 0.00310414
6860 0.00310409
6865 0.00310403
6870 0.00310398
6875 0.00310393
6880 0.00310388
6885 0.00310383
6890 0.00310378
6895 0.00310372
6900 0.00310367
6905 0.00310362
6910 0.00310357
6915 0.00310352
6920 0.00310346
6925 0.00310341
6930 0.00310336
6935 0.00310331
6940 0.00310326
6945 0.0031032
6950 0.00310315
6955 0.0031031
6960 0.00310305
6965 0.003103
6970 0.00310294
6975 0.00310289
6980 0.00310284
6985 0.00310279
6990 0.00310274
6995 0.00310268
7000 0.00310263
7005 0.00310258
7010 0.00310253
7015 0.00310248
7020 0.00310242
7025 0.00310237
7030 0.00310232
7035 0.00310227
7040 0.00310222
7045 0.00310216
7050 0.00310211
7055 0.00310206
7060 0.00310201
7065 0.00310196
7070 0.00310191
7075 0.00310185
7080 0.0031018
7085 0.00310175
7090 0.0031017
7095 0.00310165
7100 0.00310159
7105 0.00310154
7110 0.00310149
7115 0.00310144
7120 0.00310139
7125 0.00310133
7130 0.00310128
7135 0.00310123
7140 0.00310118
7145 0.00310113
7150 0.00310107
7155 0.00310102
7160 0.00310097
7165 0.00310092
7170 0.00310087
7175 0.00310081
7180 0.00310076
7185 0.00310071
7190 0.00310066
7195 0.00310061
7200 0.00310055
7205 0.0031005
7210 0.00310045
7215 0.0031004
7220 0.00310035
7225 0.00310029
7230 0.00310024
7235 0.00310019
7240 0.00310014
7245 0.00310009
7250 0.00310004
7255 0.00309998
7260 0.00309993
7265 0.00309988
7270 0.00309983
7275 0.00309978
7280 0.00309972
7285 0.00309967
7290 0.00309962
7295 0.00309957
7300 0.00309952
7305 0.00309946
7310 0.00309941
7315 0.00309936
7320 0.00309931
7325 0.00309926
7330 0.0030992
7335 0.00309915
7340 0.0030991
7345 0.00309905
7350 0.003099
7355 0.00309894
7360 0.00309889
7365 0.00309884
7370 0.00309879
7375 0.00309874
7380 0.00309868
7385 0.00309863
7390 0.00309858
7395 0.00309853
7400 0.00309848
7405 0.00309843
7410 0.00309837
7415 0.00309832
7420 0.00309827
7425 0.00309822
7430 0.00309817
7435 0.00309811
7440 0.00309806
7445 0.00309801
7450 0.00309796
7455 0.00309791
7460 0.00309785
7465 0.0030978
7470 0.00309775
7475 0.0030977
7480 0.00309765
7485 0.00309759
7490 0.00309754
7495 0.00309749
7500 0.00309744
7505 0.00309739
7510 0.00309733
7515 0.00309728
7520 0.00309723
7525 0.00309718
7530 0.00309713
7535 0.00309707
7540 0.00309702
7545 0.00309697
7550 0.00309692
7555 0.00309687
7560 0.00309681
7565 0.00309676
7570 0.00309671
7575 0.00309666
7580 0.00309661
7585 0.00309656
7590 0.0030965
7595 0.00309645
7600 0.0030964
7605 0.00309635
7610 0.0030963
7615 0.00309624
7620 0.00309619
7625 0.00309614
7630 0.00309609
7635 0.00309604
7640 0.00309598
7645 0.00309593
7650 0.00309588
7655 0.00309583
7660 0.00309578
7665 0.00309572
7670 0.00309567
7675 0.00309562
7680 0.00309557
7685 0.00309552
7690 0.00309546
7695 0.00309541
7700 0.00309536
7705 0.00309531
7710 0.00309526
7715 0.0030952
7720 0.00309515
7725 0.0030951
7730 0.00309505
7735 0.003095
7740 0.00309494
7745 0.00309489
7750 0.00309484
7755 0.00309479
7760 0.00309474
7765 0.00309469
7770 0.00309463
7775 0.00309458
7780 0.00309453
7785 0.00309448
7790 0.00309443
7795 0.00309437
7800 0.00309432
7805 0.00309427
7810 0.00309422
7815 0.00309417
7820 0.00309411
7825 0.00309406
7830 0.00309401
7835 0.00309396
7840 0.00309391
7845 0.00309385
7850 0.0030938
7855 0.00309375
7860 0.0030937
7865 0.00309365
7870 0.00309359
7875 0.00309354
7880 0.00309349
7885 0.00309344
7890 0.00309339
7895 0.00309333
7900 0.00309328
7905 0.00309323
7910 0.00309318
7915 0.00309313
7920 0.00309308
7925 0.00309302
7930 0.00309297
7935 0.00309292
7940 0.00309287
7945 0.00309282
7950 0.00309276
7955 0.00309271
7960 0.00309266
7965 0.00309261
7970 0.00309256
7975 0.0030925
7980 0.00309245
7985 0.0030924
7990 0.00309235
7995 0.0030923
8000 0.00309224
8005 0.00309219
8010 0.00309214
8015 0.00309209
8020 0.00309204
8025 0.00309198
8030 0.00309193
8035 0.00309188
8040 0.00309183
8045 0.00309178
8050 0.00309172
8055 0.00309167
8060 0.00309162
8065 0.00309157
8070 0.00309152
8075 0.00309146
8080 0.00309141
8085 0.00309136
8090 0.00309131
8095 0.00309126
8100 0.00309121
8105 0.00309115
8110 0.0030911
8115 0.00309105
8120 0.003091
8125 0.00309095
8130 0.00309089
8135 0.00309084
8140 0.00309079
8145 0.00309074
8150 0.00309069
8155 0.00309063
8160 0.00309058
8165 0.00309053
8170 0.00309048
8175 0.00309043
8180 0.00309037
8185 0.00309032
8190 0.00309027
8195 0.00309022
8200 0.00309017
8205 0.00309011
8210 0.00309006
8215 0.00309001
8220 0.00308996
8225 0.00308991
8230 0.00308985
8235 0.0030898
8240 0.00308975
8245 0.0030897
8250 0.00308965
8255 0.00308959
8260 0.00308954
8265 0.00308949
8270 0.00308944
8275 0.00308939
8280 0.00308934
8285 0.00308928
8290 0.00308923
8295 0.00308918
8300 0.00308913
8305 0.00308908
8310 0.00308902
8315 0.00308897
8320 0.00308892
8325 0.00308887
8330 0.00308882
8335 0.00308876
8340 0.00308871
8345 0.00308866
8350 0.00308861
8355 0.00308856
8360 0.0030885
8365 0.00308845
8370 0.0030884
8375 0.00308835
8380 0.0030883
8385 0.00308824
8390 0.00308819
8395 0.00308814
8400 0.00308809
8405 0.00308804
8410 0.00308798
8415 0.00308793
8420 0.00308788
8425 0.00308783
8430 0.00308778
8435 0.00308773
8440 0.00308767
8445 0.00308762
8450 0.00308757
8455 0.00308752
8460 0.00308747
8465 0.00308741
8470 0.00308736
8475 0.00308731
8480 0.00308726
8485 0.00308721
8490 0.00308715
8495 0.0030871
8500 0.00308705
8505 0.003087
8510 0.00308695
8515 0.00308689
8520 0.00308684
8525 0.00308679
8530 0.00308674
8535 0.00308669
8540 0.00308663
8545 0.00308658
8550 0.00308653
8555 0.00308648
8560 0.00308643
8565 0.00308637
8570 0.00308632
8575 0.00308627
8580 0.00308622
8585 0.00308617
8590 0.00308611
8595 0.00308606
8600 0.00308601
8605 0.00308596
8610 0.00308591
8615 0.00308586
8620 0.0030858
8625 0.00308575
8630 0.0030857
8635 0.00308565
8640 0.0030856
8645 0.00308554
8650 0.00308549
8655 0.00308544
8660 0.00308539
8665 0.00308534
8670 0.00308528
8675 0.00308523
8680 0.00308518
8685 0.00308513
8690 0.00308508
8695 0.00308502
8700 0.00308497
8705 0.00308492
8710 0.00308487
8715 0.00308482
8720 0.00308476
8725 0.00308471
8730 0.00308466
8735 0.00308461
8740 0.00308456
8745 0.0030845
8750 0.00308445
8755 0.0030844
8760 0.00308435
8765 0.0030843
8770 0.00308424
8775 0.00308419
8780 0.00308414
8785 0.00308409
8790 0.00308404
8795 0.00308399
8800 0.00308393
8805 0.00308388
8810 0.00308383
8815 0.00308378
8820 0.00308373
8825 0.00308367
8830 0.00308362
8835 0.00308357
8840 0.00308352
8845 0.00308347
8850 0.00308341
8855 0.00308336
8860 0.00308331
8865 0.00308326
8870 0.00308321
8875 0.00308315
8880 0.0030831
8885 0.00308305
8890 0.003083
8895 0.00308295
8900 0.00308289
8905 0.00308284
8910 0.00308279
8915 0.00308274
8920 0.00308269
8925 0.00308263
8930 0.00308258
8935 0.00308253
8940 0.00308248
8945 0.00308243
8950 0.00308238
8955 0.00308232
8960 0.00308227
8965 0.00308222
8970 0.00308217
8975 0.00308212
8980 0.00308206
8985 0.00308201
8990 0.00308196
8995 0.00308191
9000 0.00308186
9005 0.0030818
9010 0.00308175
9015 0.0030817
9020 0.00308165
9025 0.0030816
9030 0.00308154
9035 0.00308149
9040 0.00308144
9045 0.00308139
9050 0.00308134
9055 0.00308128
9060 0.00308123
9065 0.00308118
9070 0.00308113
9075 0.00308108
9080 0.00308102
9085 0.00308097
9090 0.00308092
9095 0.00308087
9100 0.00308082
9105 0.00308076
9110 0.00308071
9115 0.00308066
9120 0.00308061
9125 0.00308056
9130 0.00308051
9135 0.00308045
9140 0.0030804
9145 0.00308035
9150 0.0030803
9155 0.00308025
9160 0.00308019
9165 0.00308014
9170 0.00308009
9175 0.00308004
9180 0.00307999
9185 0.00307993
9190 0.00307988
9195 0.00307983
9200 0.00307978
9205 0.00307973
9210 0.00307967
9215 0.00307962
9220 0.00307957
9225 0.00307952
9230 0.00307947
9235 0.00307941
9240 0.00307936
9245 0.00307931
9250 0.00307926
9255 0.00307921
9260 0.00307915
9265 0.0030791
9270 0.00307905
9275 0.003079
9280 0.00307895
9285 0.00307889
9290 0.00307884
9295 0.00307879
9300 0.00307874
9305 0.00307869
9310 0.00307864
9315 0.00307858
9320 0.00307853
9325 0.00307848
9330 0.00307843
9335 0.00307838
9340 0.00307832
9345 0.00307827
9350 0.00307822
9355 0.00307817
9360 0.00307812
9365 0.00307806
9370 0.00307801
9375 0.00307796
9380 0.00307791
9385 0.00307786
9390 0.0030778
9395 0.00307775
9400 0.0030777
9405 0.00307765
9410 0.0030776
9415 0.00307754
9420 0.00307749
9425 0.00307744
9430 0.00307739
9435 0.00307734
9440 0.00307728
9445 0.00307723
9450 0.00307718
9455 0.00307713
9460 0.00307708
9465 0.00307703
9470 0.00307697
9475 0.00307692
9480 0.00307687
9485 0.00307682
9490 0.00307677
9495 0.00307671
9500 0.00307666
9505 0.00307661
9510 0.00307656
9515 0.00307651
9520 0.00307645
9525 0.0030764
9530 0.00307635
9535 0.0030763
9540 0.00307625
9545 0.00307619
9550 0.00307614
9555 0.00307609
9560 0.00307604
9565 0.00307599
9570 0.00307593
9575 0.00307588
9580 0.00307583
9585 0.00307578
9590 0.00307573
9595 0.00307567
9600 0.00307562
9605 0.00307557
9610 0.00307552
9615 0.00307547
9620 0.00307541
9625 0.00307536
9630 0.00307531
9635 0.00307526
9640 0.00307521
9645 0.00307516
9650 0.0030751
9655 0.00307505
9660 0.003075
9665 0.00307495
9670 0.0030749
9675 0.00307484
9680 0.00307479
9685 0.00307474
9690 0.00307469
9695 0.00307464
9700 0.00307458
9705 0.00307453
9710 0.00307448
9715 0.00307443
9720 0.00307438
9725 0.00307432
9730 0.00307427
9735 0.00307422
9740 0.00307417
9745 0.00307412
9750 0.00307406
9755 0.00307401
9760 0.00307396
9765 0.00307391
9770 0.00307386
9775 0.0030738
9780 0.00307375
9785 0.0030737
9790 0.00307365
9795 0.0030736
9800 0.00307354
9805 0.00307349
9810 0.00307344
9815 0.00307339
9820 0.00307334
9825 0.00307329
9830 0.00307323
9835 0.00307318
9840 0.00307313
9845 0.00307308
9850 0.00307303
9855 0.00307297
9860 0.00307292
9865 0.00307287
9870 0.00307282
9875 0.00307277
9880 0.00307271
9885 0.00307266
9890 0.00307261
9895 0.00307256
9900 0.00307251
9905 0.00307245
9910 0.0030724
9915 0.00307235
9920 0.0030723
9925 0.00307225
9930 0.00307219
9935 0.00307214
9940 0.00307209
9945 0.00307204
9950 0.00307199
9955 0.00307193
9960 0.00307188
9965 0.00307183
9970 0.00307178
9975 0.00307173
9980 0.00307168
9985 0.00307162
9990 0.00307157
9995 0.00307152
10000 0.00307147
10005 0.00307142
10010 0.00307136
10015 0.00307131
10020 0.00307126
10025 0.00307121
10030 0.00307116
10035 0.0030711
10040 0.00307105
10045 0.003071
10050 0.00307095
10055 0.0030709
10060 0.00307084
10065 0.00307079
10070 0.00307074
10075 0.00307069
10080 0.00307064
10085 0.00307058
10090 0.00307053
10095 0.00307048
10100 0.00307043
10105 0.00307038
10110 0.00307032
10115 0.00307027
10120 0.00307022
10125 0.00307017
10130 0.00307012
10135 0.00307006
10140 0.00307001
10145 0.00306996
10150 0.00306991
10155 0.00306986
10160 0.00306981
10165 0.00306975
10170 0.0030697
10175 0.00306965
10180 0.0030696
10185 0.00306955
10190 0.00306949
10195 0.00306944
10200 0.00306939
10205 0.00306934
10210 0.00306929
10215 0.00306923
10220 0.00306918
10225 0.00306913
10230 0.00306908
10235 0.00306903
10240 0.00306897
10245 0.00306892
10250 0.00306887
10255 0.00306882
10260 0.00306877
10265 0.00306871
10270 0.00306866
10275 0.00306861
10280 0.00306856
10285 0.00306851
10290 0.00306845
10295 0.0030684
10300 0.00306835
10305 0.0030683
10310 0.00306825
10315 0.00306819
10320 0.00306814
10325 0.00306809
10330 0.00306804
10335 0.00306799
10340 0.00306794
10345 0.00306788
10350 0.00306783
10355 0.00306778
10360 0.00306773
10365 0.00306768
10370 0.00306762
10375 0.00306757
10380 0.00306752
10385 0.00306747
10390 0.00306742
10395 0.00306736
10400 0.00306731
10405 0.00306726
10410 0.00306721
10415 0.00306716
10420 0.0030671
10425 0.00306705
10430 0.003067
10435 0.00306695
10440 0.0030669
10445 0.00306684
10450 0.00306679
10455 0.00306674
10460 0.00306669
10465 0.00306664
10470 0.00306658
10475 0.00306653
10480 0.00306648
10485 0.00306643
10490 0.00306638
10495 0.00306633
10500 0.00306627
10505 0.00306622
10510 0.00306617
10515 0.00306612
10520 0.00306607
10525 0.00306601
10530 0.00306596
10535 0.00306591
10540 0.00306586
10545 0.00306581
10550 0.00306575
10555 0.0030657
10560 0.00306565
10565 0.0030656
10570 0.00306555
10575 0.00306549
10580 0.00306544
10585 0.00306539
10590 0.00306534
10595 0.00306529
10600 0.00306523
10605 0.00306518
10610 0.00306513
10615 0.00306508
10620 0.00306503
10625 0.00306497
10630 0.00306492
10635 0.00306487
10640 0.00306482
10645 0.00306477
10650 0.00306471
10655 0.00306466
10660 0.00306461
10665 0.00306456
10670 0.00306451
10675 0.00306446
10680 0.0030644
10685 0.00306435
10690 0.0030643
10695 0.00306425
10700 0.0030642
10705 0.00306414
10710 0.00306409
10715 0.00306404
10720 0.00306399
10725 0.00306394
10730 0.00306388
10735 0.00306383
10740 0.00306378
10745 0.00306373
10750 0.00306368
10755 0.00306362
10760 0.00306357
10765 0.00306352
10770 0.00306347
10775 0.00306342
10780 0.00306336
10785 0.00306331
10790 0.00306326
10795 0.00306321
10800 0.00306316
10805 0.0030631
10810 0.00306305
10815 0.003063
10820 0.00306295
10825 0.0030629
10830 0.00306284
10835 0.00306279
10840 0.00306274
10845 0.00306269
10850 0.00306264
10855 0.00306259
10860 0.00306253
10865 0.00306326
10870 0.00306746
10875 0.00307864
10880 0.0030993
10885 0.00313144
10890 0.00317705
10895 0.00323498
10900 0.00330181
10905 0.00337343
10910 0.00345036
10915 0.00353163
10920 0.00361361
10925 0.00369989
10930 0.00379397
10935 0.00389271
10940 0.00399576
10945 0.00410229
10950 0.00421302
10955 0.00432598
10960 0.00444193
10965 0.00456229
10970 0.00433203
10975 0.00366671
10980 0.00273096
10985 0.00176379
10990 0.000779389
10995 3.63704e-05
