@MEASUREMENT_RADIUS 18.6 cm
# lambda : Angstroms 
# tr : transmission ([0,1]) 
# end
3280 0.000109127
3285 0.00225396
3290 0.00476436
3295 0.00632716
3300 0.00857422
3305 0.0117835
3310 0.0163914
3315 0.0229143
3320 0.0321001
3325 0.0449411
3330 0.0623689
3335 0.0861502
3340 0.118228
3345 0.159553
3350 0.212258
3355 0.276246
3360 0.348484
3365 0.426758
3370 0.504041
3375 0.573879
3380 0.631878
3385 0.67319
3390 0.697886
3395 0.712998
3400 0.72229
3405 0.728108
3410 0.729444
3415 0.725035
3420 0.718476
3425 0.715615
3430 0.721853
3435 0.738972
3440 0.762241
3445 0.783529
3450 0.796407
3455 0.799891
3460 0.795264
3465 0.786807
3470 0.77766
3475 0.768912
3480 0.763293
3485 0.764881
3490 0.773965
3495 0.782736
3500 0.78828
3505 0.789853
3510 0.789074
3515 0.788585
3520 0.790695
3525 0.795794
3530 0.801638
3535 0.806816
3540 0.810467
3545 0.812709
3550 0.811911
3555 0.804973
3560 0.789755
3565 0.767798
3570 0.744918
3575 0.728485
3580 0.723474
3585 0.730013
3590 0.743401
3595 0.75691
3600 0.765411
3605 0.768664
3610 0.768071
3615 0.765872
3620 0.762085
3625 0.754373
3630 0.741208
3635 0.723938
3640 0.708075
3645 0.700287
3650 0.702598
3655 0.709976
3660 0.712194
3665 0.700207
3670 0.672985
3675 0.640856
3680 0.619184
3685 0.617739
3690 0.635729
3695 0.66226
3700 0.683532
3705 0.691792
3710 0.688872
3715 0.682155
3720 0.677441
3725 0.674634
3730 0.669931
3735 0.661444
3740 0.652738
3745 0.651969
3750 0.665135
3755 0.691432
3760 0.723007
3765 0.750038
3770 0.765727
3775 0.769652
3780 0.766304
3785 0.760938
3790 0.756794
3795 0.755464
3800 0.757128
3805 0.761694
3810 0.769367
3815 0.779194
3820 0.789437
3825 0.798585
3830 0.806431
3835 0.813371
3840 0.819308
3845 0.822345
3850 0.819065
3855 0.806098
3860 0.783808
3865 0.757256
3870 0.733321
3875 0.718537
3880 0.715675
3885 0.722502
3890 0.733049
3895 0.740967
3900 0.742265
3905 0.736147
3910 0.724923
3915 0.711939
3920 0.700601
3925 0.693078
3930 0.689835
3935 0.69031
3940 0.693197
3945 0.696627
3950 0.699131
3955 0.700272
3960 0.700738
3965 0.702306
3970 0.706868
3975 0.714694
3980 0.72416
3985 0.731993
3990 0.734929
3995 0.731486
4000 0.722833
4005 0.712574
4010 0.705156
4015 0.703635
4020 0.708386
4025 0.717382
4030 0.727118
4035 0.733647
4040 0.734592
4045 0.729873
4050 0.721276
4055 0.711137
4060 0.701161
4065 0.69217
4070 0.683072
4075 0.672224
4080 0.658048
4085 0.639138
4090 0.614869
4095 0.58481
4100 0.549492
4105 0.510148
4110 0.467695
4115 0.424222
4120 0.381552
4125 0.340539
4130 0.302096
4135 0.266227
4140 0.233186
4145 0.203334
4150 0.176115
4155 0.151885
4160 0.130825
4165 0.11252
4170 0.0967931
4175 0.0833156
4180 0.0717312
4185 0.0618584
4190 0.0533542
4195 0.0460472
4200 0.0398202
4205 0.0344428
4210 0.0298433
4215 0.0259006
4220 0.0224935
4225 0.0195686
4230 0.0170366
4235 0.0148461
4240 0.0129689
4245 0.0113457
4250 0.00996007
4255 0.00877818
4260 0.00775539
4265 0.00687915
4270 0.00613231
4275 0.00550254
4280 0.00497371
4285 0.00452181
4290 0.0041372
4295 0.00380913
4300 0.00352594
4305 0.00329354
4310 0.00316821
4315 0.00315027
4320 0.00315008
4325 0.00314988
4330 0.00314969
4335 0.00314949
4340 0.0031493
4345 0.0031491
4350 0.00314891
4355 0.00314871
4360 0.00314851
4365 0.00314832
4370 0.00314812
4375 0.00314793
4380 0.00314773
4385 0.00314754
4390 0.00314734
4395 0.00314715
4400 0.00314695
4405 0.00314676
4410 0.00314656
4415 0.00314636
4420 0.00314617
4425 0.00314597
4430 0.00314578
4435 0.00314558
4440 0.00314539
4445 0.00314519
4450 0.003145
4455 0.0031448
4460 0.00314461
4465 0.00314441
4470 0.00314421
4475 0.00314402
4480 0.00314382
4485 0.00314363
4490 0.00314343
4495 0.00314324
4500 0.00314304
4505 0.00314285
4510 0.00314265
4515 0.00314246
4520 0.00314226
4525 0.00314206
4530 0.00314187
4535 0.00314167
4540 0.00314148
4545 0.00314128
4550 0.00314109
4555 0.00314089
4560 0.0031407
4565 0.0031405
4570 0.00314031
4575 0.00314011
4580 0.00313991
4585 0.00313972
4590 0.00313952
4595 0.00313933
4600 0.00313913
4605 0.00313894
4610 0.00313874
4615 0.00313855
4620 0.00313835
4625 0.00313815
4630 0.00313796
4635 0.00313776
4640 0.00313757
4645 0.00313737
4650 0.00313718
4655 0.00313698
4660 0.00313679
4665 0.00313659
4670 0.0031364
4675 0.0031362
4680 0.003136
4685 0.00313581
4690 0.00313561
4695 0.00313542
4700 0.00313522
4705 0.00313503
4710 0.00313483
4715 0.00313464
4720 0.00313444
4725 0.00313425
4730 0.00313405
4735 0.00313385
4740 0.00313366
4745 0.00313346
4750 0.00313327
4755 0.00313307
4760 0.00313288
4765 0.00313268
4770 0.00313249
4775 0.00313229
4780 0.0031321
4785 0.0031319
4790 0.0031317
4795 0.00313151
4800 0.00313131
4805 0.00313112
4810 0.00313092
4815 0.00313073
4820 0.00313053
4825 0.00313034
4830 0.00313014
4835 0.00312995
4840 0.00312975
4845 0.00312955
4850 0.00312936
4855 0.00312916
4860 0.00312897
4865 0.00312877
4870 0.00312858
4875 0.00312838
4880 0.00312819
4885 0.00312799
4890 0.00312779
4895 0.0031276
4900 0.0031274
4905 0.00312721
4910 0.00312701
4915 0.00312682
4920 0.00312662
4925 0.00312643
4930 0.00312623
4935 0.00312604
4940 0.00312584
4945 0.00312564
4950 0.00312545
4955 0.00312525
4960 0.00312506
4965 0.00312486
4970 0.00312467
4975 0.00312447
4980 0.00312428
4985 0.00312408
4990 0.00312389
4995 0.00312369
5000 0.00312349
5005 0.0031233
5010 0.00312631
5015 0.00322152
5020 0.00354485
5025 0.00405761
5030 0.00454845
5035 0.00496039
5040 0.00528106
5045 0.00551222
5050 0.00566286
5055 0.00574581
5060 0.00575949
5065 0.005699
5070 0.00555073
5075 0.00528443
5080 0.00488931
5085 0.00437742
5090 0.00388818
5095 0.00362733
5100 0.00359562
5105 0.00359512
5110 0.00359461
5115 0.0035941
5120 0.00359359
5125 0.00359309
5130 0.00359258
5135 0.00359207
5140 0.00359157
5145 0.00359106
5150 0.00359055
5155 0.00359004
5160 0.00358954
5165 0.00358903
5170 0.00358852
5175 0.00358802
5180 0.00358751
5185 0.003587
5190 0.00358649
5195 0.00358599
5200 0.00358548
5205 0.00358497
5210 0.00358446
5215 0.00358396
5220 0.00358345
5225 0.00358294
5230 0.00358244
5235 0.00358193
5240 0.00358142
5245 0.00358091
5250 0.00358041
5255 0.0035799
5260 0.00357939
5265 0.00357889
5270 0.00357838
5275 0.00357787
5280 0.00357736
5285 0.00357686
5290 0.00357635
5295 0.00357584
5300 0.00357534
5305 0.00357483
5310 0.00357432
5315 0.00357381
5320 0.00357331
5325 0.0035728
5330 0.00357229
5335 0.00357178
5340 0.00357128
5345 0.00357077
5350 0.00357026
5355 0.00356976
5360 0.00356925
5365 0.00356874
5370 0.00356823
5375 0.00356773
5380 0.00356722
5385 0.00356671
5390 0.00356621
5395 0.0035657
5400 0.00356519
5405 0.00356468
5410 0.00356418
5415 0.00356367
5420 0.00356316
5425 0.00356266
5430 0.00356215
5435 0.00356164
5440 0.00356113
5445 0.00356063
5450 0.00356012
5455 0.00355961
5460 0.0035591
5465 0.0035586
5470 0.00355809
5475 0.00355758
5480 0.00355708
5485 0.00355657
5490 0.00355606
5495 0.00355555
5500 0.00355505
5505 0.00355454
5510 0.00355403
5515 0.00355353
5520 0.00355302
5525 0.00355251
5530 0.003552
5535 0.0035515
5540 0.00355099
5545 0.00355048
5550 0.00354997
5555 0.00354947
5560 0.00354896
5565 0.00354845
5570 0.00354795
5575 0.00354744
5580 0.00354693
5585 0.00354642
5590 0.00354592
5595 0.00354541
5600 0.0035449
5605 0.0035444
5610 0.00354389
5615 0.00354338
5620 0.00354287
5625 0.00354237
5630 0.00354186
5635 0.00354135
5640 0.00354085
5645 0.00354034
5650 0.00353983
5655 0.00353932
5660 0.00353882
5665 0.00353831
5670 0.0035378
5675 0.00353729
5680 0.00353679
5685 0.00353628
5690 0.00353577
5695 0.00353527
5700 0.00353476
5705 0.00353425
5710 0.00353374
5715 0.00353324
5720 0.00353273
5725 0.00353222
5730 0.00353172
5735 0.00353121
5740 0.0035307
5745 0.00353019
5750 0.00352969
5755 0.00352918
5760 0.00352867
5765 0.00352817
5770 0.00352766
5775 0.00352715
5780 0.00352664
5785 0.00352614
5790 0.00352563
5795 0.00352512
5800 0.00352461
5805 0.00352411
5810 0.0035236
5815 0.00352309
5820 0.00352259
5825 0.00352208
5830 0.00352157
5835 0.00352106
5840 0.00352056
5845 0.00352005
5850 0.00351954
5855 0.00351904
5860 0.00351853
5865 0.00351802
5870 0.00351751
5875 0.00351701
5880 0.0035165
5885 0.00351599
5890 0.00351548
5895 0.00351498
5900 0.00351447
5905 0.00351396
5910 0.00351346
5915 0.00351295
5920 0.00351244
5925 0.00351193
5930 0.00351143
5935 0.00351092
5940 0.00351041
5945 0.00350991
5950 0.0035094
5955 0.00350889
5960 0.00350838
5965 0.00350788
5970 0.00350737
5975 0.00350686
5980 0.00350636
5985 0.00350585
5990 0.00350534
5995 0.00350483
6000 0.00350433
6005 0.00350382
6010 0.00350331
6015 0.0035028
6020 0.0035023
6025 0.00350179
6030 0.00350128
6035 0.00350078
6040 0.00350027
6045 0.00349976
6050 0.00349925
6055 0.00349875
6060 0.00349824
6065 0.00349773
6070 0.00349723
6075 0.00349672
6080 0.00349621
6085 0.0034957
6090 0.0034952
6095 0.00349469
6100 0.00349418
6105 0.00349368
6110 0.00349317
6115 0.00349266
6120 0.00349215
6125 0.00349165
6130 0.00349114
6135 0.00349063
6140 0.00349012
6145 0.00348962
6150 0.00348911
6155 0.0034886
6160 0.0034881
6165 0.00348759
6170 0.00348708
6175 0.00348657
6180 0.00348607
6185 0.00348556
6190 0.00348505
6195 0.00348455
6200 0.00348404
6205 0.00348353
6210 0.00348302
6215 0.00348252
6220 0.00348201
6225 0.0034815
6230 0.00348099
6235 0.00348049
6240 0.00347998
6245 0.00347947
6250 0.00347897
6255 0.00347846
6260 0.00347795
6265 0.00347744
6270 0.00347694
6275 0.00347643
6280 0.00347592
6285 0.00347542
6290 0.00347491
6295 0.0034744
6300 0.00347389
6305 0.00347339
6310 0.00347288
6315 0.00347237
6320 0.00347187
6325 0.00347136
6330 0.00347085
6335 0.00347034
6340 0.00346984
6345 0.00346933
6350 0.00346882
6355 0.00346831
6360 0.00346781
6365 0.0034673
6370 0.00346679
6375 0.00346629
6380 0.00346578
6385 0.00346527
6390 0.00346476
6395 0.00346426
6400 0.00346375
6405 0.00346324
6410 0.00346274
6415 0.00346223
6420 0.00346172
6425 0.00346121
6430 0.00346071
6435 0.0034602
6440 0.00345969
6445 0.00345919
6450 0.00345868
6455 0.00345817
6460 0.00345766
6465 0.00345716
6470 0.00345665
6475 0.00345614
6480 0.00345563
6485 0.00345513
6490 0.00345462
6495 0.00345411
6500 0.00345361
6505 0.0034531
6510 0.00345259
6515 0.00345208
6520 0.00345158
6525 0.00345107
6530 0.00345056
6535 0.00345006
6540 0.00344955
6545 0.00344904
6550 0.00344853
6555 0.00344803
6560 0.00344752
6565 0.00344701
6570 0.0034465
6575 0.003446
6580 0.00344549
6585 0.00344498
6590 0.00344448
6595 0.00344397
6600 0.00344346
6605 0.00344295
6610 0.00344245
6615 0.00344194
6620 0.00344143
6625 0.00344093
6630 0.00344042
6635 0.00343991
6640 0.0034394
6645 0.0034389
6650 0.00343839
6655 0.00343788
6660 0.00343738
6665 0.00343687
6670 0.00343636
6675 0.00343585
6680 0.00343535
6685 0.00343484
6690 0.00343433
6695 0.00343382
6700 0.00343332
6705 0.00343281
6710 0.0034323
6715 0.0034318
6720 0.00343129
6725 0.00343078
6730 0.00343027
6735 0.00342977
6740 0.00342926
6745 0.00342875
6750 0.00342825
6755 0.00342774
6760 0.00342723
6765 0.00342672
6770 0.00342622
6775 0.00342571
6780 0.0034252
6785 0.00342469
6790 0.00342419
6795 0.00342368
6800 0.00342317
6805 0.00342267
6810 0.00342216
6815 0.00342165
6820 0.00342114
6825 0.00342064
6830 0.00342013
6835 0.00341962
6840 0.00341912
6845 0.00341861
6850 0.0034181
6855 0.00341759
6860 0.00341709
6865 0.00341658
6870 0.00341607
6875 0.00341557
6880 0.00341506
6885 0.00341455
6890 0.00341404
6895 0.00341354
6900 0.00341303
6905 0.00341252
6910 0.00341201
6915 0.00341151
6920 0.003411
6925 0.00341049
6930 0.00340999
6935 0.00340948
6940 0.00340897
6945 0.00340846
6950 0.00340796
6955 0.00340745
6960 0.00340694
6965 0.00340644
6970 0.00340593
6975 0.00340542
6980 0.00340491
6985 0.00340441
6990 0.0034039
6995 0.00340339
7000 0.00340289
7005 0.00340238
7010 0.00340187
7015 0.00340136
7020 0.00340086
7025 0.00340035
7030 0.00339984
7035 0.00339933
7040 0.00339883
7045 0.00339832
7050 0.00339781
7055 0.00339731
7060 0.0033968
7065 0.00339629
7070 0.00339578
7075 0.00339528
7080 0.00339477
7085 0.00339426
7090 0.00339376
7095 0.00339325
7100 0.00339274
7105 0.00339223
7110 0.00339173
7115 0.00339122
7120 0.00339071
7125 0.0033902
7130 0.0033897
7135 0.00338919
7140 0.00338868
7145 0.00338818
7150 0.00338767
7155 0.00338716
7160 0.00338665
7165 0.00338615
7170 0.00338564
7175 0.00338513
7180 0.00338463
7185 0.00338412
7190 0.00338361
7195 0.0033831
7200 0.0033826
7205 0.00338209
7210 0.00338158
7215 0.00338108
7220 0.00338057
7225 0.00338006
7230 0.00337955
7235 0.00337905
7240 0.00337854
7245 0.00337803
7250 0.00337752
7255 0.00337702
7260 0.00337651
7265 0.003376
7270 0.0033755
7275 0.00337499
7280 0.00337448
7285 0.00337397
7290 0.00337347
7295 0.00337296
7300 0.00337245
7305 0.00337195
7310 0.00337144
7315 0.00337093
7320 0.00337042
7325 0.00336992
7330 0.00336941
7335 0.0033689
7340 0.0033684
7345 0.00336789
7350 0.00336738
7355 0.00336687
7360 0.00336637
7365 0.00336586
7370 0.00336535
7375 0.00336484
7380 0.00336434
7385 0.00336383
7390 0.00336332
7395 0.00336282
7400 0.00336231
7405 0.0033618
7410 0.00336129
7415 0.00336079
7420 0.00336028
7425 0.00335977
7430 0.00335927
7435 0.00335876
7440 0.00335825
7445 0.00335774
7450 0.00335724
7455 0.00335673
7460 0.00335622
7465 0.00335571
7470 0.00335521
7475 0.0033547
7480 0.00335419
7485 0.00335369
7490 0.00335318
7495 0.00335267
7500 0.00335216
7505 0.00335166
7510 0.00335115
7515 0.00335064
7520 0.00335014
7525 0.00334963
7530 0.00334912
7535 0.00334861
7540 0.00334811
7545 0.0033476
7550 0.00334709
7555 0.00334659
7560 0.00334608
7565 0.00334557
7570 0.00334506
7575 0.00334456
7580 0.00334405
7585 0.00334354
7590 0.00334303
7595 0.00334253
7600 0.00334202
7605 0.00334151
7610 0.00334101
7615 0.0033405
7620 0.00333999
7625 0.00333948
7630 0.00333898
7635 0.00333847
7640 0.00333796
7645 0.00333746
7650 0.00333695
7655 0.00333644
7660 0.00333593
7665 0.00333543
7670 0.00333492
7675 0.00333441
7680 0.00333391
7685 0.0033334
7690 0.00333289
7695 0.00333238
7700 0.00333188
7705 0.00333137
7710 0.00333086
7715 0.00333035
7720 0.00332985
7725 0.00332934
7730 0.00332883
7735 0.00332833
7740 0.00332782
7745 0.00332731
7750 0.0033268
7755 0.0033263
7760 0.00332579
7765 0.00332528
7770 0.00332478
7775 0.00332427
7780 0.00332376
7785 0.00332325
7790 0.00332275
7795 0.00332224
7800 0.00332173
7805 0.00332122
7810 0.00332072
7815 0.00332021
7820 0.0033197
7825 0.0033192
7830 0.00331869
7835 0.00331818
7840 0.00331767
7845 0.00331717
7850 0.00331666
7855 0.00331615
7860 0.00331565
7865 0.00331514
7870 0.00331463
7875 0.00331412
7880 0.00331362
7885 0.00331311
7890 0.0033126
7895 0.0033121
7900 0.00331159
7905 0.00331108
7910 0.00331057
7915 0.00331007
7920 0.00330956
7925 0.00330905
7930 0.00330854
7935 0.00330804
7940 0.00330753
7945 0.00330702
7950 0.00330652
7955 0.00330601
7960 0.0033055
7965 0.00330499
7970 0.00330449
7975 0.00330398
7980 0.00330347
7985 0.00330297
7990 0.00330246
7995 0.00330195
8000 0.00330144
8005 0.00330094
8010 0.00330043
8015 0.00329992
8020 0.00329942
8025 0.00329891
8030 0.0032984
8035 0.00329789
8040 0.00329739
8045 0.00329688
8050 0.00329637
8055 0.00329586
8060 0.00329536
8065 0.00329485
8070 0.00329434
8075 0.00329384
8080 0.00329333
8085 0.00329282
8090 0.00329231
8095 0.00329181
8100 0.0032913
8105 0.00329079
8110 0.00329029
8115 0.00328978
8120 0.00328927
8125 0.00328876
8130 0.00328826
8135 0.00328775
8140 0.00328724
8145 0.00328673
8150 0.00328623
8155 0.00328572
8160 0.00328521
8165 0.00328471
8170 0.0032842
8175 0.00328369
8180 0.00328318
8185 0.00328268
8190 0.00328217
8195 0.00328166
8200 0.00328116
8205 0.00328065
8210 0.00328014
8215 0.00327963
8220 0.00327913
8225 0.00327862
8230 0.00327811
8235 0.00327761
8240 0.0032771
8245 0.00327659
8250 0.00327608
8255 0.00327558
8260 0.00327507
8265 0.00327456
8270 0.00327405
8275 0.00327355
8280 0.00327304
8285 0.00327253
8290 0.00327203
8295 0.00327152
8300 0.00327101
8305 0.0032705
8310 0.00327
8315 0.00326949
8320 0.00326898
8325 0.00326848
8330 0.00326797
8335 0.00326746
8340 0.00326695
8345 0.00326645
8350 0.00326594
8355 0.00326543
8360 0.00326493
8365 0.00326442
8370 0.00326391
8375 0.0032634
8380 0.0032629
8385 0.00326239
8390 0.00326188
8395 0.00326137
8400 0.00326087
8405 0.00326036
8410 0.00325985
8415 0.00325935
8420 0.00325884
8425 0.00325833
8430 0.00325782
8435 0.00325732
8440 0.00325681
8445 0.0032563
8450 0.0032558
8455 0.00325529
8460 0.00325478
8465 0.00325427
8470 0.00325377
8475 0.00325326
8480 0.00325275
8485 0.00325224
8490 0.00325174
8495 0.00325123
8500 0.00325072
8505 0.00325022
8510 0.00324971
8515 0.0032492
8520 0.00324869
8525 0.00324819
8530 0.00324768
8535 0.00324717
8540 0.00324667
8545 0.00324616
8550 0.00324565
8555 0.00324514
8560 0.00324464
8565 0.00324413
8570 0.00324362
8575 0.00324312
8580 0.00324261
8585 0.0032421
8590 0.00324159
8595 0.00324109
8600 0.00324058
8605 0.00324007
8610 0.00323956
8615 0.00323906
8620 0.00323855
8625 0.00323804
8630 0.00323754
8635 0.00323703
8640 0.00323652
8645 0.00323601
8650 0.00323551
8655 0.003235
8660 0.00323449
8665 0.00323399
8670 0.00323348
8675 0.00323297
8680 0.00323246
8685 0.00323196
8690 0.00323145
8695 0.00323094
8700 0.00323043
8705 0.00322993
8710 0.00322942
8715 0.00322891
8720 0.00322841
8725 0.0032279
8730 0.00322739
8735 0.00322688
8740 0.00322638
8745 0.00322587
8750 0.00322536
8755 0.00322486
8760 0.00322435
8765 0.00322384
8770 0.00322333
8775 0.00322283
8780 0.00322232
8785 0.00322181
8790 0.00322131
8795 0.0032208
8800 0.00322029
8805 0.00321978
8810 0.00321928
8815 0.00321877
8820 0.00321826
8825 0.00321775
8830 0.00321725
8835 0.00321674
8840 0.00321623
8845 0.00321573
8850 0.00321522
8855 0.00321471
8860 0.0032142
8865 0.0032137
8870 0.00321319
8875 0.00321268
8880 0.00321218
8885 0.00321167
8890 0.00321116
8895 0.00321065
8900 0.00321015
8905 0.00320964
8910 0.00320913
8915 0.00320863
8920 0.00320812
8925 0.00320761
8930 0.0032071
8935 0.0032066
8940 0.00320609
8945 0.00320558
8950 0.00320507
8955 0.00320457
8960 0.00320406
8965 0.00320355
8970 0.00320305
8975 0.00320254
8980 0.00320203
8985 0.00320152
8990 0.00320102
8995 0.00320051
9000 0.0032
9005 0.0031995
9010 0.00319899
9015 0.00319848
9020 0.00319797
9025 0.00319747
9030 0.00319696
9035 0.00319645
9040 0.00319594
9045 0.00319544
9050 0.00319493
9055 0.00319442
9060 0.00319392
9065 0.00319341
9070 0.0031929
9075 0.00319239
9080 0.00319189
9085 0.00319138
9090 0.00319087
9095 0.00319037
9100 0.00318986
9105 0.00318935
9110 0.00318884
9115 0.00318834
9120 0.00318783
9125 0.00318732
9130 0.00318682
9135 0.00318631
9140 0.0031858
9145 0.00318529
9150 0.00318479
9155 0.00318428
9160 0.00318377
9165 0.00318326
9170 0.00318276
9175 0.00318225
9180 0.00318174
9185 0.00318124
9190 0.00318073
9195 0.00318022
9200 0.00317971
9205 0.00317921
9210 0.0031787
9215 0.00317819
9220 0.00317769
9225 0.00317718
9230 0.00317667
9235 0.00317616
9240 0.00317566
9245 0.00317515
9250 0.00317464
9255 0.00317414
9260 0.00317363
9265 0.00317312
9270 0.00317261
9275 0.00317211
9280 0.0031716
9285 0.00317109
9290 0.00317058
9295 0.00317008
9300 0.00316957
9305 0.00316906
9310 0.00316856
9315 0.00316805
9320 0.00316754
9325 0.00316703
9330 0.00316653
9335 0.00316602
9340 0.00316551
9345 0.00316501
9350 0.0031645
9355 0.00316399
9360 0.00316348
9365 0.00316298
9370 0.00316247
9375 0.00316196
9380 0.00316145
9385 0.00316095
9390 0.00316044
9395 0.00315993
9400 0.00315943
9405 0.00315892
9410 0.00315841
9415 0.0031579
9420 0.0031574
9425 0.00315689
9430 0.00315638
9435 0.00315588
9440 0.00315537
9445 0.00315486
9450 0.00315435
9455 0.00315385
9460 0.00315334
9465 0.00315283
9470 0.00315233
9475 0.00315182
9480 0.00315131
9485 0.0031508
9490 0.0031503
9495 0.00314979
9500 0.00314928
9505 0.00314877
9510 0.00314827
9515 0.00314776
9520 0.00314725
9525 0.00314675
9530 0.00314624
9535 0.00314573
9540 0.00314522
9545 0.00314472
9550 0.00314421
9555 0.0031437
9560 0.0031432
9565 0.00314269
9570 0.00314218
9575 0.00314167
9580 0.00314117
9585 0.00314066
9590 0.00314015
9595 0.00313965
9600 0.00313914
9605 0.00313863
9610 0.00313812
9615 0.00313762
9620 0.00313711
9625 0.0031366
9630 0.00313609
9635 0.00313559
9640 0.00313508
9645 0.00313457
9650 0.00313407
9655 0.00313356
9660 0.00313305
9665 0.00313254
9670 0.00313204
9675 0.00313153
9680 0.00313102
9685 0.00313052
9690 0.00313001
9695 0.0031295
9700 0.00312899
9705 0.00312849
9710 0.00312798
9715 0.00312747
9720 0.00312696
9725 0.00312646
9730 0.00312595
9735 0.00312544
9740 0.00312494
9745 0.00312443
9750 0.00312392
9755 0.00312341
9760 0.00312291
9765 0.0031224
9770 0.00312189
9775 0.00312139
9780 0.00312088
9785 0.00312037
9790 0.00311986
9795 0.00311936
9800 0.00311885
9805 0.00311834
9810 0.00311784
9815 0.00311733
9820 0.00311682
9825 0.00311631
9830 0.00311581
9835 0.0031153
9840 0.00311479
9845 0.00311428
9850 0.00311378
9855 0.00311327
9860 0.00311276
9865 0.00311226
9870 0.00311175
9875 0.00311124
9880 0.00311073
9885 0.00311023
9890 0.00310972
9895 0.00310921
9900 0.00310871
9905 0.0031082
9910 0.00310769
9915 0.00310718
9920 0.00310668
9925 0.00310617
9930 0.00310566
9935 0.00310516
9940 0.00310465
9945 0.00310414
9950 0.00310363
9955 0.00310313
9960 0.00310262
9965 0.00310211
9970 0.0031016
9975 0.0031011
9980 0.00310059
9985 0.00310008
9990 0.00309958
9995 0.00309907
10000 0.00309856
10005 0.00309805
10010 0.00309755
10015 0.00309704
10020 0.00309653
10025 0.00309603
10030 0.00309552
10035 0.00309501
10040 0.0030945
10045 0.003094
10050 0.00309349
10055 0.00309298
10060 0.00309247
10065 0.00309197
10070 0.00309146
10075 0.00309095
10080 0.00309045
10085 0.00308994
10090 0.00308943
10095 0.00308892
10100 0.00308842
10105 0.00308791
10110 0.0030874
10115 0.0030869
10120 0.00308639
10125 0.00308588
10130 0.00308537
10135 0.00308487
10140 0.00308436
10145 0.00308385
10150 0.00308335
10155 0.00308284
10160 0.00308233
10165 0.00308182
10170 0.00308132
10175 0.00308081
10180 0.0030803
10185 0.00307979
10190 0.00307929
10195 0.00307878
10200 0.00307827
10205 0.00307777
10210 0.00307726
10215 0.00307675
10220 0.00307624
10225 0.00307574
10230 0.00307523
10235 0.00307472
10240 0.00307422
10245 0.00307371
10250 0.0030732
10255 0.00307269
10260 0.00307219
10265 0.00307168
10270 0.00307117
10275 0.00307066
10280 0.00307016
10285 0.00306965
10290 0.00306914
10295 0.00306864
10300 0.00306813
10305 0.00306762
10310 0.00306711
10315 0.00306661
10320 0.0030661
10325 0.00306559
10330 0.00306509
10335 0.00306458
10340 0.00306407
10345 0.00306356
10350 0.00306306
10355 0.00306255
10360 0.00306204
10365 0.00306154
10370 0.00306103
10375 0.00306052
10380 0.00306001
10385 0.00305951
10390 0.003059
10395 0.00305849
10400 0.00305798
10405 0.00305748
10410 0.00305697
10415 0.00305646
10420 0.00305596
10425 0.00305545
10430 0.00305494
10435 0.00305443
10440 0.00305393
10445 0.00305342
10450 0.00305291
10455 0.00305241
10460 0.0030519
10465 0.00305139
10470 0.00305088
10475 0.00305038
10480 0.00304987
10485 0.00304936
10490 0.00304886
10495 0.00304835
10500 0.00304784
10505 0.00304733
10510 0.00304683
10515 0.00304632
10520 0.00304581
10525 0.0030453
10530 0.0030448
10535 0.00304429
10540 0.00304378
10545 0.00304328
10550 0.00304277
10555 0.00304226
10560 0.00304175
10565 0.00304125
10570 0.00304074
10575 0.00304023
10580 0.00303973
10585 0.00303922
10590 0.00303871
10595 0.0030382
10600 0.0030377
10605 0.00303719
10610 0.00303668
10615 0.00303617
10620 0.00303567
10625 0.00303516
10630 0.00303465
10635 0.00303415
10640 0.00303364
10645 0.00303313
10650 0.00303262
10655 0.00303212
10660 0.00303161
10665 0.0030311
10670 0.0030306
10675 0.00303009
10680 0.00302958
10685 0.00302907
10690 0.00302857
10695 0.00302806
10700 0.00302755
10705 0.00302705
10710 0.00302654
10715 0.00302603
10720 0.00302552
10725 0.00302502
10730 0.00302451
10735 0.003024
10740 0.00302349
10745 0.00302299
10750 0.00302248
10755 0.00302197
10760 0.00302147
10765 0.00302096
10770 0.00302045
10775 0.00301994
10780 0.00301944
10785 0.00301893
10790 0.00301842
10795 0.00301792
10800 0.00301744
10805 0.00301864
10810 0.00302396
10815 0.00303679
10820 0.0030592
10825 0.0030925
10830 0.00313774
10835 0.00319127
10840 0.00325208
10845 0.00331837
10850 0.00338893
10855 0.00346383
10860 0.0035416
10865 0.0036246
10870 0.00371117
10875 0.00380241
10880 0.00389901
10885 0.00399711
10890 0.00409696
10895 0.00420319
10900 0.00431439
10905 0.00442365
10910 0.00453482
10915 0.00464456
10920 0.00474914
10925 0.00485344
10930 0.00495986
10935 0.00506576
10940 0.00516605
10945 0.0052601
10950 0.00534786
10955 0.00542798
10960 0.00550413
10965 0.00551146
10970 0.00512066
10975 0.00438102
10980 0.00324388
10985 0.00208282
10990 0.000911938
10995 8.59414e-05
