@MEASUREMENT_RADIUS 21 cm
# lambda : Angstroms 
# tr : transmission ([0,1]) 
# end
3280 0.000156301
3285 0.00243683
3290 0.00516574
3295 0.00692746
3300 0.00942769
3305 0.0129759
3310 0.0180581
3315 0.0251933
3320 0.0351009
3325 0.04876
3330 0.0671308
3335 0.0921043
3340 0.125663
3345 0.168704
3350 0.223252
3355 0.288671
3360 0.362275
3365 0.440911
3370 0.517109
3375 0.584823
3380 0.639952
3385 0.679412
3390 0.704241
3395 0.720627
3400 0.731083
3405 0.736342
3410 0.735509
3415 0.730451
3420 0.726875
3425 0.730293
3430 0.74321
3435 0.763448
3440 0.783824
3445 0.798482
3450 0.804426
3455 0.802323
3460 0.795546
3465 0.787351
3470 0.779801
3475 0.77435
3480 0.772414
3485 0.776389
3490 0.785405
3495 0.79218
3500 0.794899
3505 0.794164
3510 0.793304
3515 0.794362
3520 0.79777
3525 0.802607
3530 0.807438
3535 0.811651
3540 0.813972
3545 0.813813
3550 0.808594
3555 0.796088
3560 0.776825
3565 0.754958
3570 0.73719
3575 0.728907
3580 0.731447
3585 0.741666
3590 0.753857
3595 0.762793
3600 0.7665
3605 0.766059
3610 0.762901
3615 0.757641
3620 0.749115
3625 0.735777
3630 0.718301
3635 0.701131
3640 0.690931
3645 0.690401
3650 0.696089
3655 0.699839
3660 0.692832
3665 0.672043
3670 0.644007
3675 0.622315
3680 0.618009
3685 0.632388
3690 0.657504
3695 0.68065
3700 0.692827
3705 0.693442
3710 0.688198
3715 0.682793
3720 0.679395
3725 0.675531
3730 0.668682
3735 0.66133
3740 0.659636
3745 0.669504
3750 0.691424
3755 0.719834
3760 0.746012
3765 0.763227
3770 0.76946
3775 0.76762
3780 0.762237
3785 0.757175
3790 0.754471
3795 0.7549
3800 0.75869
3805 0.765681
3810 0.775194
3815 0.785906
3820 0.796137
3825 0.805097
3830 0.813083
3835 0.820092
3840 0.824265
3845 0.822372
3850 0.81182
3855 0.792143
3860 0.766946
3865 0.743479
3870 0.727745
3875 0.722782
3880 0.727375
3885 0.73681
3890 0.744718
3895 0.746795
3900 0.741874
3905 0.73132
3910 0.718202
3915 0.705688
3920 0.696429
3925 0.691416
3930 0.69034
3935 0.692011
3940 0.694721
3945 0.69691
3950 0.697966
3955 0.698612
3960 0.700293
3965 0.704622
3970 0.712053
3975 0.721056
3980 0.728959
3985 0.732658
3990 0.730328
3995 0.722799
4000 0.713311
4005 0.705848
4010 0.703668
4015 0.707714
4020 0.715968
4025 0.725073
4030 0.731928
4035 0.733877
4040 0.730348
4045 0.722688
4050 0.713165
4055 0.703934
4060 0.695565
4065 0.687706
4070 0.679076
4075 0.66796
4080 0.652841
4085 0.632525
4090 0.606761
4095 0.575449
4100 0.539338
4105 0.499846
4110 0.457837
4115 0.415183
4120 0.373604
4125 0.333745
4130 0.296222
4135 0.261075
4140 0.228557
4145 0.199078
4150 0.172284
4155 0.148424
4160 0.127646
4165 0.109618
4170 0.0941781
4175 0.0809429
4180 0.0695448
4185 0.0598627
4190 0.0515634
4195 0.0444346
4200 0.0383551
4205 0.0331124
4210 0.028636
4215 0.0248104
4220 0.0215116
4225 0.0186936
4230 0.0162622
4235 0.0141707
4240 0.0123932
4245 0.0108624
4250 0.00955103
4255 0.00843294
4260 0.00746822
4265 0.00664445
4270 0.00594334
4275 0.00535435
4280 0.00485894
4285 0.00443606
4290 0.0040722
4295 0.00376068
4300 0.0034921
4305 0.00327117
4310 0.00315147
4315 0.00313426
4320 0.00313441
4325 0.00313456
4330 0.0031347
4335 0.00313485
4340 0.003135
4345 0.00313514
4350 0.00313529
4355 0.00313543
4360 0.00313558
4365 0.00313573
4370 0.00313587
4375 0.00313602
4380 0.00313617
4385 0.00313631
4390 0.00313646
4395 0.0031366
4400 0.00313675
4405 0.0031369
4410 0.00313704
4415 0.00313719
4420 0.00313734
4425 0.00313748
4430 0.00313763
4435 0.00313777
4440 0.00313792
4445 0.00313807
4450 0.00313821
4455 0.00313836
4460 0.0031385
4465 0.00313865
4470 0.0031388
4475 0.00313894
4480 0.00313909
4485 0.00313924
4490 0.00313938
4495 0.00313953
4500 0.00313967
4505 0.00313982
4510 0.00313997
4515 0.00314011
4520 0.00314026
4525 0.00314041
4530 0.00314055
4535 0.0031407
4540 0.00314084
4545 0.00314099
4550 0.00314114
4555 0.00314128
4560 0.00314143
4565 0.00314158
4570 0.00314172
4575 0.00314187
4580 0.00314201
4585 0.00314216
4590 0.00314231
4595 0.00314245
4600 0.0031426
4605 0.00314274
4610 0.00314289
4615 0.00314304
4620 0.00314318
4625 0.00314333
4630 0.00314348
4635 0.00314362
4640 0.00314377
4645 0.00314391
4650 0.00314406
4655 0.00314421
4660 0.00314435
4665 0.0031445
4670 0.00314465
4675 0.00314479
4680 0.00314494
4685 0.00314508
4690 0.00314523
4695 0.00314538
4700 0.00314552
4705 0.00314567
4710 0.00314582
4715 0.00314596
4720 0.00314611
4725 0.00314625
4730 0.0031464
4735 0.00314655
4740 0.00314669
4745 0.00314684
4750 0.00314698
4755 0.00314713
4760 0.00314728
4765 0.00314742
4770 0.00314757
4775 0.00314772
4780 0.00314786
4785 0.00314801
4790 0.00314815
4795 0.0031483
4800 0.00314845
4805 0.00314859
4810 0.00314874
4815 0.00314889
4820 0.00314903
4825 0.00314918
4830 0.00314932
4835 0.00314947
4840 0.00314962
4845 0.00314976
4850 0.00314991
4855 0.00315006
4860 0.0031502
4865 0.00315035
4870 0.00315049
4875 0.00315064
4880 0.00315079
4885 0.00315093
4890 0.00315108
4895 0.00315122
4900 0.00315137
4905 0.00315152
4910 0.00315166
4915 0.00315181
4920 0.00315196
4925 0.0031521
4930 0.00315225
4935 0.00315239
4940 0.00315254
4945 0.00315269
4950 0.00315283
4955 0.00315298
4960 0.00315313
4965 0.00315327
4970 0.00315342
4975 0.00315356
4980 0.00315371
4985 0.00315386
4990 0.003154
4995 0.00315415
5000 0.0031543
5005 0.00315962
5010 0.00326561
5015 0.00360978
5020 0.00415064
5025 0.00466485
5030 0.00508932
5035 0.00540575
5040 0.00561572
5045 0.00573266
5050 0.0057702
5055 0.00573967
5060 0.00563209
5065 0.00543714
5070 0.00514346
5075 0.00473226
5080 0.00421845
5085 0.00373607
5090 0.00347527
5095 0.00344225
5100 0.00344191
5105 0.00344156
5110 0.00344121
5115 0.00344086
5120 0.00344051
5125 0.00344016
5130 0.00343981
5135 0.00343946
5140 0.00343911
5145 0.00343876
5150 0.00343841
5155 0.00343806
5160 0.00343772
5165 0.00343737
5170 0.00343702
5175 0.00343667
5180 0.00343632
5185 0.00343597
5190 0.00343562
5195 0.00343527
5200 0.00343492
5205 0.00343457
5210 0.00343422
5215 0.00343387
5220 0.00343353
5225 0.00343318
5230 0.00343283
5235 0.00343248
5240 0.00343213
5245 0.00343178
5250 0.00343143
5255 0.00343108
5260 0.00343073
5265 0.00343038
5270 0.00343003
5275 0.00342968
5280 0.00342934
5285 0.00342899
5290 0.00342864
5295 0.00342829
5300 0.00342794
5305 0.00342759
5310 0.00342724
5315 0.00342689
5320 0.00342654
5325 0.00342619
5330 0.00342584
5335 0.00342549
5340 0.00342515
5345 0.0034248
5350 0.00342445
5355 0.0034241
5360 0.00342375
5365 0.0034234
5370 0.00342305
5375 0.0034227
5380 0.00342235
5385 0.003422
5390 0.00342165
5395 0.00342131
5400 0.00342096
5405 0.00342061
5410 0.00342026
5415 0.00341991
5420 0.00341956
5425 0.00341921
5430 0.00341886
5435 0.00341851
5440 0.00341816
5445 0.00341781
5450 0.00341746
5455 0.00341712
5460 0.00341677
5465 0.00341642
5470 0.00341607
5475 0.00341572
5480 0.00341537
5485 0.00341502
5490 0.00341467
5495 0.00341432
5500 0.00341397
5505 0.00341362
5510 0.00341327
5515 0.00341293
5520 0.00341258
5525 0.00341223
5530 0.00341188
5535 0.00341153
5540 0.00341118
5545 0.00341083
5550 0.00341048
5555 0.00341013
5560 0.00340978
5565 0.00340943
5570 0.00340908
5575 0.00340874
5580 0.00340839
5585 0.00340804
5590 0.00340769
5595 0.00340734
5600 0.00340699
5605 0.00340664
5610 0.00340629
5615 0.00340594
5620 0.00340559
5625 0.00340524
5630 0.00340489
5635 0.00340455
5640 0.0034042
5645 0.00340385
5650 0.0034035
5655 0.00340315
5660 0.0034028
5665 0.00340245
5670 0.0034021
5675 0.00340175
5680 0.0034014
5685 0.00340105
5690 0.00340071
5695 0.00340036
5700 0.00340001
5705 0.00339966
5710 0.00339931
5715 0.00339896
5720 0.00339861
5725 0.00339826
5730 0.00339791
5735 0.00339756
5740 0.00339721
5745 0.00339686
5750 0.00339652
5755 0.00339617
5760 0.00339582
5765 0.00339547
5770 0.00339512
5775 0.00339477
5780 0.00339442
5785 0.00339407
5790 0.00339372
5795 0.00339337
5800 0.00339302
5805 0.00339267
5810 0.00339233
5815 0.00339198
5820 0.00339163
5825 0.00339128
5830 0.00339093
5835 0.00339058
5840 0.00339023
5845 0.00338988
5850 0.00338953
5855 0.00338918
5860 0.00338883
5865 0.00338848
5870 0.00338814
5875 0.00338779
5880 0.00338744
5885 0.00338709
5890 0.00338674
5895 0.00338639
5900 0.00338604
5905 0.00338569
5910 0.00338534
5915 0.00338499
5920 0.00338464
5925 0.00338429
5930 0.00338395
5935 0.0033836
5940 0.00338325
5945 0.0033829
5950 0.00338255
5955 0.0033822
5960 0.00338185
5965 0.0033815
5970 0.00338115
5975 0.0033808
5980 0.00338045
5985 0.0033801
5990 0.00337976
5995 0.00337941
6000 0.00337906
6005 0.00337871
6010 0.00337836
6015 0.00337801
6020 0.00337766
6025 0.00337731
6030 0.00337696
6035 0.00337661
6040 0.00337626
6045 0.00337592
6050 0.00337557
6055 0.00337522
6060 0.00337487
6065 0.00337452
6070 0.00337417
6075 0.00337382
6080 0.00337347
6085 0.00337312
6090 0.00337277
6095 0.00337242
6100 0.00337207
6105 0.00337173
6110 0.00337138
6115 0.00337103
6120 0.00337068
6125 0.00337033
6130 0.00336998
6135 0.00336963
6140 0.00336928
6145 0.00336893
6150 0.00336858
6155 0.00336823
6160 0.00336788
6165 0.00336754
6170 0.00336719
6175 0.00336684
6180 0.00336649
6185 0.00336614
6190 0.00336579
6195 0.00336544
6200 0.00336509
6205 0.00336474
6210 0.00336439
6215 0.00336404
6220 0.00336369
6225 0.00336335
6230 0.003363
6235 0.00336265
6240 0.0033623
6245 0.00336195
6250 0.0033616
6255 0.00336125
6260 0.0033609
6265 0.00336055
6270 0.0033602
6275 0.00335985
6280 0.0033595
6285 0.00335916
6290 0.00335881
6295 0.00335846
6300 0.00335811
6305 0.00335776
6310 0.00335741
6315 0.00335706
6320 0.00335671
6325 0.00335636
6330 0.00335601
6335 0.00335566
6340 0.00335531
6345 0.00335497
6350 0.00335462
6355 0.00335427
6360 0.00335392
6365 0.00335357
6370 0.00335322
6375 0.00335287
6380 0.00335252
6385 0.00335217
6390 0.00335182
6395 0.00335147
6400 0.00335113
6405 0.00335078
6410 0.00335043
6415 0.00335008
6420 0.00334973
6425 0.00334938
6430 0.00334903
6435 0.00334868
6440 0.00334833
6445 0.00334798
6450 0.00334763
6455 0.00334728
6460 0.00334694
6465 0.00334659
6470 0.00334624
6475 0.00334589
6480 0.00334554
6485 0.00334519
6490 0.00334484
6495 0.00334449
6500 0.00334414
6505 0.00334379
6510 0.00334344
6515 0.00334309
6520 0.00334275
6525 0.0033424
6530 0.00334205
6535 0.0033417
6540 0.00334135
6545 0.003341
6550 0.00334065
6555 0.0033403
6560 0.00333995
6565 0.0033396
6570 0.00333925
6575 0.0033389
6580 0.00333856
6585 0.00333821
6590 0.00333786
6595 0.00333751
6600 0.00333716
6605 0.00333681
6610 0.00333646
6615 0.00333611
6620 0.00333576
6625 0.00333541
6630 0.00333506
6635 0.00333471
6640 0.00333437
6645 0.00333402
6650 0.00333367
6655 0.00333332
6660 0.00333297
6665 0.00333262
6670 0.00333227
6675 0.00333192
6680 0.00333157
6685 0.00333122
6690 0.00333087
6695 0.00333052
6700 0.00333018
6705 0.00332983
6710 0.00332948
6715 0.00332913
6720 0.00332878
6725 0.00332843
6730 0.00332808
6735 0.00332773
6740 0.00332738
6745 0.00332703
6750 0.00332668
6755 0.00332634
6760 0.00332599
6765 0.00332564
6770 0.00332529
6775 0.00332494
6780 0.00332459
6785 0.00332424
6790 0.00332389
6795 0.00332354
6800 0.00332319
6805 0.00332284
6810 0.00332249
6815 0.00332215
6820 0.0033218
6825 0.00332145
6830 0.0033211
6835 0.00332075
6840 0.0033204
6845 0.00332005
6850 0.0033197
6855 0.00331935
6860 0.003319
6865 0.00331865
6870 0.0033183
6875 0.00331796
6880 0.00331761
6885 0.00331726
6890 0.00331691
6895 0.00331656
6900 0.00331621
6905 0.00331586
6910 0.00331551
6915 0.00331516
6920 0.00331481
6925 0.00331446
6930 0.00331411
6935 0.00331377
6940 0.00331342
6945 0.00331307
6950 0.00331272
6955 0.00331237
6960 0.00331202
6965 0.00331167
6970 0.00331132
6975 0.00331097
6980 0.00331062
6985 0.00331027
6990 0.00330992
6995 0.00330958
7000 0.00330923
7005 0.00330888
7010 0.00330853
7015 0.00330818
7020 0.00330783
7025 0.00330748
7030 0.00330713
7035 0.00330678
7040 0.00330643
7045 0.00330608
7050 0.00330573
7055 0.00330539
7060 0.00330504
7065 0.00330469
7070 0.00330434
7075 0.00330399
7080 0.00330364
7085 0.00330329
7090 0.00330294
7095 0.00330259
7100 0.00330224
7105 0.00330189
7110 0.00330155
7115 0.0033012
7120 0.00330085
7125 0.0033005
7130 0.00330015
7135 0.0032998
7140 0.00329945
7145 0.0032991
7150 0.00329875
7155 0.0032984
7160 0.00329805
7165 0.0032977
7170 0.00329736
7175 0.00329701
7180 0.00329666
7185 0.00329631
7190 0.00329596
7195 0.00329561
7200 0.00329526
7205 0.00329491
7210 0.00329456
7215 0.00329421
7220 0.00329386
7225 0.00329351
7230 0.00329317
7235 0.00329282
7240 0.00329247
7245 0.00329212
7250 0.00329177
7255 0.00329142
7260 0.00329107
7265 0.00329072
7270 0.00329037
7275 0.00329002
7280 0.00328967
7285 0.00328932
7290 0.00328898
7295 0.00328863
7300 0.00328828
7305 0.00328793
7310 0.00328758
7315 0.00328723
7320 0.00328688
7325 0.00328653
7330 0.00328618
7335 0.00328583
7340 0.00328548
7345 0.00328513
7350 0.00328479
7355 0.00328444
7360 0.00328409
7365 0.00328374
7370 0.00328339
7375 0.00328304
7380 0.00328269
7385 0.00328234
7390 0.00328199
7395 0.00328164
7400 0.00328129
7405 0.00328095
7410 0.0032806
7415 0.00328025
7420 0.0032799
7425 0.00327955
7430 0.0032792
7435 0.00327885
7440 0.0032785
7445 0.00327815
7450 0.0032778
7455 0.00327745
7460 0.0032771
7465 0.00327676
7470 0.00327641
7475 0.00327606
7480 0.00327571
7485 0.00327536
7490 0.00327501
7495 0.00327466
7500 0.00327431
7505 0.00327396
7510 0.00327361
7515 0.00327326
7520 0.00327291
7525 0.00327257
7530 0.00327222
7535 0.00327187
7540 0.00327152
7545 0.00327117
7550 0.00327082
7555 0.00327047
7560 0.00327012
7565 0.00326977
7570 0.00326942
7575 0.00326907
7580 0.00326872
7585 0.00326838
7590 0.00326803
7595 0.00326768
7600 0.00326733
7605 0.00326698
7610 0.00326663
7615 0.00326628
7620 0.00326593
7625 0.00326558
7630 0.00326523
7635 0.00326488
7640 0.00326453
7645 0.00326419
7650 0.00326384
7655 0.00326349
7660 0.00326314
7665 0.00326279
7670 0.00326244
7675 0.00326209
7680 0.00326174
7685 0.00326139
7690 0.00326104
7695 0.00326069
7700 0.00326034
7705 0.00326
7710 0.00325965
7715 0.0032593
7720 0.00325895
7725 0.0032586
7730 0.00325825
7735 0.0032579
7740 0.00325755
7745 0.0032572
7750 0.00325685
7755 0.0032565
7760 0.00325616
7765 0.00325581
7770 0.00325546
7775 0.00325511
7780 0.00325476
7785 0.00325441
7790 0.00325406
7795 0.00325371
7800 0.00325336
7805 0.00325301
7810 0.00325266
7815 0.00325231
7820 0.00325197
7825 0.00325162
7830 0.00325127
7835 0.00325092
7840 0.00325057
7845 0.00325022
7850 0.00324987
7855 0.00324952
7860 0.00324917
7865 0.00324882
7870 0.00324847
7875 0.00324812
7880 0.00324778
7885 0.00324743
7890 0.00324708
7895 0.00324673
7900 0.00324638
7905 0.00324603
7910 0.00324568
7915 0.00324533
7920 0.00324498
7925 0.00324463
7930 0.00324428
7935 0.00324393
7940 0.00324359
7945 0.00324324
7950 0.00324289
7955 0.00324254
7960 0.00324219
7965 0.00324184
7970 0.00324149
7975 0.00324114
7980 0.00324079
7985 0.00324044
7990 0.00324009
7995 0.00323974
8000 0.0032394
8005 0.00323905
8010 0.0032387
8015 0.00323835
8020 0.003238
8025 0.00323765
8030 0.0032373
8035 0.00323695
8040 0.0032366
8045 0.00323625
8050 0.0032359
8055 0.00323555
8060 0.00323521
8065 0.00323486
8070 0.00323451
8075 0.00323416
8080 0.00323381
8085 0.00323346
8090 0.00323311
8095 0.00323276
8100 0.00323241
8105 0.00323206
8110 0.00323171
8115 0.00323137
8120 0.00323102
8125 0.00323067
8130 0.00323032
8135 0.00322997
8140 0.00322962
8145 0.00322927
8150 0.00322892
8155 0.00322857
8160 0.00322822
8165 0.00322787
8170 0.00322752
8175 0.00322718
8180 0.00322683
8185 0.00322648
8190 0.00322613
8195 0.00322578
8200 0.00322543
8205 0.00322508
8210 0.00322473
8215 0.00322438
8220 0.00322403
8225 0.00322368
8230 0.00322333
8235 0.00322299
8240 0.00322264
8245 0.00322229
8250 0.00322194
8255 0.00322159
8260 0.00322124
8265 0.00322089
8270 0.00322054
8275 0.00322019
8280 0.00321984
8285 0.00321949
8290 0.00321914
8295 0.0032188
8300 0.00321845
8305 0.0032181
8310 0.00321775
8315 0.0032174
8320 0.00321705
8325 0.0032167
8330 0.00321635
8335 0.003216
8340 0.00321565
8345 0.0032153
8350 0.00321495
8355 0.00321461
8360 0.00321426
8365 0.00321391
8370 0.00321356
8375 0.00321321
8380 0.00321286
8385 0.00321251
8390 0.00321216
8395 0.00321181
8400 0.00321146
8405 0.00321111
8410 0.00321076
8415 0.00321042
8420 0.00321007
8425 0.00320972
8430 0.00320937
8435 0.00320902
8440 0.00320867
8445 0.00320832
8450 0.00320797
8455 0.00320762
8460 0.00320727
8465 0.00320692
8470 0.00320658
8475 0.00320623
8480 0.00320588
8485 0.00320553
8490 0.00320518
8495 0.00320483
8500 0.00320448
8505 0.00320413
8510 0.00320378
8515 0.00320343
8520 0.00320308
8525 0.00320273
8530 0.00320239
8535 0.00320204
8540 0.00320169
8545 0.00320134
8550 0.00320099
8555 0.00320064
8560 0.00320029
8565 0.00319994
8570 0.00319959
8575 0.00319924
8580 0.00319889
8585 0.00319854
8590 0.0031982
8595 0.00319785
8600 0.0031975
8605 0.00319715
8610 0.0031968
8615 0.00319645
8620 0.0031961
8625 0.00319575
8630 0.0031954
8635 0.00319505
8640 0.0031947
8645 0.00319435
8650 0.00319401
8655 0.00319366
8660 0.00319331
8665 0.00319296
8670 0.00319261
8675 0.00319226
8680 0.00319191
8685 0.00319156
8690 0.00319121
8695 0.00319086
8700 0.00319051
8705 0.00319016
8710 0.00318982
8715 0.00318947
8720 0.00318912
8725 0.00318877
8730 0.00318842
8735 0.00318807
8740 0.00318772
8745 0.00318737
8750 0.00318702
8755 0.00318667
8760 0.00318632
8765 0.00318597
8770 0.00318563
8775 0.00318528
8780 0.00318493
8785 0.00318458
8790 0.00318423
8795 0.00318388
8800 0.00318353
8805 0.00318318
8810 0.00318283
8815 0.00318248
8820 0.00318213
8825 0.00318179
8830 0.00318144
8835 0.00318109
8840 0.00318074
8845 0.00318039
8850 0.00318004
8855 0.00317969
8860 0.00317934
8865 0.00317899
8870 0.00317864
8875 0.00317829
8880 0.00317794
8885 0.0031776
8890 0.00317725
8895 0.0031769
8900 0.00317655
8905 0.0031762
8910 0.00317585
8915 0.0031755
8920 0.00317515
8925 0.0031748
8930 0.00317445
8935 0.0031741
8940 0.00317375
8945 0.00317341
8950 0.00317306
8955 0.00317271
8960 0.00317236
8965 0.00317201
8970 0.00317166
8975 0.00317131
8980 0.00317096
8985 0.00317061
8990 0.00317026
8995 0.00316991
9000 0.00316956
9005 0.00316922
9010 0.00316887
9015 0.00316852
9020 0.00316817
9025 0.00316782
9030 0.00316747
9035 0.00316712
9040 0.00316677
9045 0.00316642
9050 0.00316607
9055 0.00316572
9060 0.00316537
9065 0.00316503
9070 0.00316468
9075 0.00316433
9080 0.00316398
9085 0.00316363
9090 0.00316328
9095 0.00316293
9100 0.00316258
9105 0.00316223
9110 0.00316188
9115 0.00316153
9120 0.00316119
9125 0.00316084
9130 0.00316049
9135 0.00316014
9140 0.00315979
9145 0.00315944
9150 0.00315909
9155 0.00315874
9160 0.00315839
9165 0.00315804
9170 0.00315769
9175 0.00315734
9180 0.003157
9185 0.00315665
9190 0.0031563
9195 0.00315595
9200 0.0031556
9205 0.00315525
9210 0.0031549
9215 0.00315455
9220 0.0031542
9225 0.00315385
9230 0.0031535
9235 0.00315315
9240 0.00315281
9245 0.00315246
9250 0.00315211
9255 0.00315176
9260 0.00315141
9265 0.00315106
9270 0.00315071
9275 0.00315036
9280 0.00315001
9285 0.00314966
9290 0.00314931
9295 0.00314896
9300 0.00314862
9305 0.00314827
9310 0.00314792
9315 0.00314757
9320 0.00314722
9325 0.00314687
9330 0.00314652
9335 0.00314617
9340 0.00314582
9345 0.00314547
9350 0.00314512
9355 0.00314477
9360 0.00314443
9365 0.00314408
9370 0.00314373
9375 0.00314338
9380 0.00314303
9385 0.00314268
9390 0.00314233
9395 0.00314198
9400 0.00314163
9405 0.00314128
9410 0.00314093
9415 0.00314058
9420 0.00314024
9425 0.00313989
9430 0.00313954
9435 0.00313919
9440 0.00313884
9445 0.00313849
9450 0.00313814
9455 0.00313779
9460 0.00313744
9465 0.00313709
9470 0.00313674
9475 0.0031364
9480 0.00313605
9485 0.0031357
9490 0.00313535
9495 0.003135
9500 0.00313465
9505 0.0031343
9510 0.00313395
9515 0.0031336
9520 0.00313325
9525 0.0031329
9530 0.00313255
9535 0.00313221
9540 0.00313186
9545 0.00313151
9550 0.00313116
9555 0.00313081
9560 0.00313046
9565 0.00313011
9570 0.00312976
9575 0.00312941
9580 0.00312906
9585 0.00312871
9590 0.00312836
9595 0.00312802
9600 0.00312767
9605 0.00312732
9610 0.00312697
9615 0.00312662
9620 0.00312627
9625 0.00312592
9630 0.00312557
9635 0.00312522
9640 0.00312487
9645 0.00312452
9650 0.00312417
9655 0.00312383
9660 0.00312348
9665 0.00312313
9670 0.00312278
9675 0.00312243
9680 0.00312208
9685 0.00312173
9690 0.00312138
9695 0.00312103
9700 0.00312068
9705 0.00312033
9710 0.00311998
9715 0.00311964
9720 0.00311929
9725 0.00311894
9730 0.00311859
9735 0.00311824
9740 0.00311789
9745 0.00311754
9750 0.00311719
9755 0.00311684
9760 0.00311649
9765 0.00311614
9770 0.00311579
9775 0.00311545
9780 0.0031151
9785 0.00311475
9790 0.0031144
9795 0.00311405
9800 0.0031137
9805 0.00311335
9810 0.003113
9815 0.00311265
9820 0.0031123
9825 0.00311195
9830 0.00311161
9835 0.00311126
9840 0.00311091
9845 0.00311056
9850 0.00311021
9855 0.00310986
9860 0.00310951
9865 0.00310916
9870 0.00310881
9875 0.00310846
9880 0.00310811
9885 0.00310776
9890 0.00310742
9895 0.00310707
9900 0.00310672
9905 0.00310637
9910 0.00310602
9915 0.00310567
9920 0.00310532
9925 0.00310497
9930 0.00310462
9935 0.00310427
9940 0.00310392
9945 0.00310357
9950 0.00310323
9955 0.00310288
9960 0.00310253
9965 0.00310218
9970 0.00310183
9975 0.00310148
9980 0.00310113
9985 0.00310078
9990 0.00310043
9995 0.00310008
10000 0.00309973
10005 0.00309938
10010 0.00309904
10015 0.00309869
10020 0.00309834
10025 0.00309799
10030 0.00309764
10035 0.00309729
10040 0.00309694
10045 0.00309659
10050 0.00309624
10055 0.00309589
10060 0.00309554
10065 0.00309519
10070 0.00309485
10075 0.0030945
10080 0.00309415
10085 0.0030938
10090 0.00309345
10095 0.0030931
10100 0.00309275
10105 0.0030924
10110 0.00309205
10115 0.0030917
10120 0.00309135
10125 0.003091
10130 0.00309066
10135 0.00309031
10140 0.00308996
10145 0.00308961
10150 0.00308926
10155 0.00308891
10160 0.00308856
10165 0.00308821
10170 0.00308786
10175 0.00308751
10180 0.00308716
10185 0.00308682
10190 0.00308647
10195 0.00308612
10200 0.00308577
10205 0.00308542
10210 0.00308507
10215 0.00308472
10220 0.00308437
10225 0.00308402
10230 0.00308367
10235 0.00308332
10240 0.00308297
10245 0.00308263
10250 0.00308228
10255 0.00308193
10260 0.00308158
10265 0.00308123
10270 0.00308088
10275 0.00308053
10280 0.00308018
10285 0.00307983
10290 0.00307948
10295 0.00307913
10300 0.00307878
10305 0.00307844
10310 0.00307809
10315 0.00307774
10320 0.00307739
10325 0.00307704
10330 0.00307669
10335 0.00307634
10340 0.00307599
10345 0.00307564
10350 0.00307529
10355 0.00307494
10360 0.00307459
10365 0.00307425
10370 0.0030739
10375 0.00307355
10380 0.0030732
10385 0.00307285
10390 0.0030725
10395 0.00307215
10400 0.0030718
10405 0.00307145
10410 0.0030711
10415 0.00307075
10420 0.0030704
10425 0.00307006
10430 0.00306971
10435 0.00306936
10440 0.00306901
10445 0.00306866
10450 0.00306831
10455 0.00306796
10460 0.00306761
10465 0.00306726
10470 0.00306691
10475 0.00306656
10480 0.00306621
10485 0.00306587
10490 0.00306552
10495 0.00306517
10500 0.00306482
10505 0.00306447
10510 0.00306412
10515 0.00306377
10520 0.00306342
10525 0.00306307
10530 0.00306272
10535 0.00306237
10540 0.00306203
10545 0.00306168
10550 0.00306133
10555 0.00306098
10560 0.00306063
10565 0.00306028
10570 0.00305993
10575 0.00305958
10580 0.00305923
10585 0.00305888
10590 0.00305853
10595 0.00305818
10600 0.00305784
10605 0.00305749
10610 0.00305714
10615 0.00305679
10620 0.00305644
10625 0.00305609
10630 0.00305574
10635 0.00305539
10640 0.00305504
10645 0.00305469
10650 0.00305434
10655 0.00305399
10660 0.00305365
10665 0.0030533
10670 0.00305295
10675 0.0030526
10680 0.00305225
10685 0.0030519
10690 0.00305155
10695 0.0030512
10700 0.00305085
10705 0.0030505
10710 0.00305015
10715 0.0030498
10720 0.00304946
10725 0.00304911
10730 0.00304876
10735 0.00304841
10740 0.00304806
10745 0.00304771
10750 0.00304736
10755 0.00304701
10760 0.00304666
10765 0.00304631
10770 0.00304596
10775 0.00304561
10780 0.00304527
10785 0.00304492
10790 0.00304465
10795 0.00304627
10800 0.00305386
10805 0.00307064
10810 0.00310024
10815 0.00314264
10820 0.00319642
10825 0.00325736
10830 0.00332099
10835 0.00338918
10840 0.00346455
10845 0.00354558
10850 0.00363174
10855 0.00372119
10860 0.00380969
10865 0.00389961
10870 0.00399365
10875 0.0040946
10880 0.00419859
10885 0.00430189
10890 0.0044066
10895 0.00451273
10900 0.00461973
10905 0.00472728
10910 0.00483701
10915 0.00494706
10920 0.00504719
10925 0.00514377
10930 0.00524228
10935 0.00533496
10940 0.00542541
10945 0.00550979
10950 0.00558438
10955 0.0056518
10960 0.00570785
10965 0.00563703
10970 0.00521119
10975 0.00447149
10980 0.00332768
10985 0.00212272
10990 0.000930883
10995 0.000112533
