-19.5	2100	0
-19.5	2300	0
-19.5	2500	0
-19.5	2700	0
-19.5	2900	0
-19.5	3100	0
-19.5	3300	0
-19.5	3500	0
-19.5	3700	0
-19.5	3900	0
-19.5	4100	0
-19.5	4300	0
-19.5	4500	0
-19.5	4700	0
-19.5	4900	0
-19.5	5100	0
-19.5	5300	0
-19.5	5500	0
-19.5	5700	0
-19.5	5900	0
-19.5	6100	0
-19.5	6300	0
-19.5	6500	0
-19.5	6700	0
-19.5	6900	0
-19.5	7100	0
-19.5	7300	0
-19.5	7500	0
-19.5	7700	0
-19.5	7900	0
-19.5	8100	0
-19.5	8300	0
-19.5	8500	0
-19.5	8700	0
-19.5	8900	0
-19.5	9100	0
-18.5	2100	0
-18.5	2300	0
-18.5	2500	0
-18.5	2700	0
-18.5	2900	0
-18.5	3100	0
-18.5	3300	0
-18.5	3500	0
-18.5	3700	0
-18.5	3900	0
-18.5	4100	0
-18.5	4300	0
-18.5	4500	0
-18.5	4700	0
-18.5	4900	0
-18.5	5100	0
-18.5	5300	0
-18.5	5500	0
-18.5	5700	0
-18.5	5900	0
-18.5	6100	0
-18.5	6300	0
-18.5	6500	0
-18.5	6700	0
-18.5	6900	0
-18.5	7100	0
-18.5	7300	0
-18.5	7500	0
-18.5	7700	0
-18.5	7900	0
-18.5	8100	0
-18.5	8300	0
-18.5	8500	0
-18.5	8700	0
-18.5	8900	0
-18.5	9100	0
-17.5	2100	0
-17.5	2300	0
-17.5	2500	0
-17.5	2700	0
-17.5	2900	0
-17.5	3100	0
-17.5	3300	0
-17.5	3500	0
-17.5	3700	0
-17.5	3900	0
-17.5	4100	0
-17.5	4300	0
-17.5	4500	0
-17.5	4700	0
-17.5	4900	0
-17.5	5100	0
-17.5	5300	0
-17.5	5500	0
-17.5	5700	0
-17.5	5900	0
-17.5	6100	0
-17.5	6300	0
-17.5	6500	0
-17.5	6700	0
-17.5	6900	0
-17.5	7100	0
-17.5	7300	0
-17.5	7500	0
-17.5	7700	0
-17.5	7900	0
-17.5	8100	0
-17.5	8300	0
-17.5	8500	0
-17.5	8700	0
-17.5	8900	0
-17.5	9100	0
-16.5	2100	0
-16.5	2300	0
-16.5	2500	0
-16.5	2700	0
-16.5	2900	0
-16.5	3100	0
-16.5	3300	0
-16.5	3500	0
-16.5	3700	0
-16.5	3900	0
-16.5	4100	0
-16.5	4300	0
-16.5	4500	0
-16.5	4700	0
-16.5	4900	0
-16.5	5100	0
-16.5	5300	0
-16.5	5500	0
-16.5	5700	0
-16.5	5900	0
-16.5	6100	0
-16.5	6300	0
-16.5	6500	0
-16.5	6700	0
-16.5	6900	0
-16.5	7100	0
-16.5	7300	0
-16.5	7500	0
-16.5	7700	0
-16.5	7900	0
-16.5	8100	0
-16.5	8300	0
-16.5	8500	0
-16.5	8700	0
-16.5	8900	0
-16.5	9100	0
-15.5	2100	0
-15.5	2300	0
-15.5	2500	0
-15.5	2700	0
-15.5	2900	0
-15.5	3100	0
-15.5	3300	0
-15.5	3500	0
-15.5	3700	0
-15.5	3900	0
-15.5	4100	0
-15.5	4300	0
-15.5	4500	0
-15.5	4700	0
-15.5	4900	0
-15.5	5100	0
-15.5	5300	0
-15.5	5500	0
-15.5	5700	0
-15.5	5900	0
-15.5	6100	0
-15.5	6300	0
-15.5	6500	0
-15.5	6700	0
-15.5	6900	0
-15.5	7100	0
-15.5	7300	0
-15.5	7500	0
-15.5	7700	0
-15.5	7900	0
-15.5	8100	0
-15.5	8300	0
-15.5	8500	0
-15.5	8700	0
-15.5	8900	0
-15.5	9100	0
-14.5	2100	0
-14.5	2300	0
-14.5	2500	0
-14.5	2700	0
-14.5	2900	0
-14.5	3100	0
-14.5	3300	0
-14.5	3500	0
-14.5	3700	0
-14.5	3900	0
-14.5	4100	0
-14.5	4300	0
-14.5	4500	0
-14.5	4700	0
-14.5	4900	0
-14.5	5100	0
-14.5	5300	0
-14.5	5500	0
-14.5	5700	0
-14.5	5900	0
-14.5	6100	0
-14.5	6300	0
-14.5	6500	0
-14.5	6700	0
-14.5	6900	0
-14.5	7100	0
-14.5	7300	0
-14.5	7500	0
-14.5	7700	0
-14.5	7900	0
-14.5	8100	0
-14.5	8300	0
-14.5	8500	0
-14.5	8700	0
-14.5	8900	0
-14.5	9100	0
-13.5	2100	0
-13.5	2300	0
-13.5	2500	0
-13.5	2700	0
-13.5	2900	0
-13.5	3100	0
-13.5	3300	0
-13.5	3500	0
-13.5	3700	0
-13.5	3900	0
-13.5	4100	0
-13.5	4300	0
-13.5	4500	0
-13.5	4700	0
-13.5	4900	0
-13.5	5100	0
-13.5	5300	0
-13.5	5500	0
-13.5	5700	0
-13.5	5900	0
-13.5	6100	0
-13.5	6300	0
-13.5	6500	0
-13.5	6700	0
-13.5	6900	0
-13.5	7100	0
-13.5	7300	0
-13.5	7500	0
-13.5	7700	0
-13.5	7900	0
-13.5	8100	0
-13.5	8300	0
-13.5	8500	0
-13.5	8700	0
-13.5	8900	0
-13.5	9100	0
-12.5	2100	0
-12.5	2300	0
-12.5	2500	0
-12.5	2700	0
-12.5	2900	0
-12.5	3100	0
-12.5	3300	0
-12.5	3500	0
-12.5	3700	0
-12.5	3900	0
-12.5	4100	0
-12.5	4300	0
-12.5	4500	0
-12.5	4700	0
-12.5	4900	0
-12.5	5100	0
-12.5	5300	0
-12.5	5500	0
-12.5	5700	0
-12.5	5900	0
-12.5	6100	0
-12.5	6300	0
-12.5	6500	0
-12.5	6700	0
-12.5	6900	0
-12.5	7100	0
-12.5	7300	0
-12.5	7500	0
-12.5	7700	0
-12.5	7900	0
-12.5	8100	0
-12.5	8300	0
-12.5	8500	0
-12.5	8700	0
-12.5	8900	0
-12.5	9100	0
-11.5	2100	0
-11.5	2300	0
-11.5	2500	0
-11.5	2700	0
-11.5	2900	0
-11.5	3100	0
-11.5	3300	0
-11.5	3500	0
-11.5	3700	0
-11.5	3900	0
-11.5	4100	0
-11.5	4300	0
-11.5	4500	0
-11.5	4700	0
-11.5	4900	0
-11.5	5100	0
-11.5	5300	0
-11.5	5500	0
-11.5	5700	0
-11.5	5900	0
-11.5	6100	0
-11.5	6300	0
-11.5	6500	0
-11.5	6700	0
-11.5	6900	0
-11.5	7100	0
-11.5	7300	0
-11.5	7500	0
-11.5	7700	0
-11.5	7900	0
-11.5	8100	0
-11.5	8300	0
-11.5	8500	0
-11.5	8700	0
-11.5	8900	0
-11.5	9100	0
-10.5	2100	0
-10.5	2300	0
-10.5	2500	0
-10.5	2700	0
-10.5	2900	0
-10.5	3100	0
-10.5	3300	0
-10.5	3500	0
-10.5	3700	0
-10.5	3900	0
-10.5	4100	0
-10.5	4300	0
-10.5	4500	0
-10.5	4700	0
-10.5	4900	0
-10.5	5100	0
-10.5	5300	0
-10.5	5500	0
-10.5	5700	0
-10.5	5900	0
-10.5	6100	0
-10.5	6300	0
-10.5	6500	0
-10.5	6700	0
-10.5	6900	0
-10.5	7100	0
-10.5	7300	0
-10.5	7500	0
-10.5	7700	0
-10.5	7900	0
-10.5	8100	0
-10.5	8300	0
-10.5	8500	0
-10.5	8700	0
-10.5	8900	0
-10.5	9100	0
-9.5	2100	0
-9.5	2300	0
-9.5	2500	0
-9.5	2700	0
-9.5	2900	0
-9.5	3100	0
-9.5	3300	0
-9.5	3500	0
-9.5	3700	0
-9.5	3900	0
-9.5	4100	0
-9.5	4300	0
-9.5	4500	0
-9.5	4700	0
-9.5	4900	0
-9.5	5100	0
-9.5	5300	0
-9.5	5500	0
-9.5	5700	0
-9.5	5900	0
-9.5	6100	0
-9.5	6300	0
-9.5	6500	0
-9.5	6700	0
-9.5	6900	0
-9.5	7100	0
-9.5	7300	0
-9.5	7500	0
-9.5	7700	0
-9.5	7900	0
-9.5	8100	0
-9.5	8300	0
-9.5	8500	0
-9.5	8700	0
-9.5	8900	0
-9.5	9100	0
-8.5	2100	0
-8.5	2300	0
-8.5	2500	0
-8.5	2700	0
-8.5	2900	0
-8.5	3100	0
-8.5	3300	0
-8.5	3500	0
-8.5	3700	0
-8.5	3900	0
-8.5	4100	0
-8.5	4300	0
-8.5	4500	0
-8.5	4700	0
-8.5	4900	0
-8.5	5100	0
-8.5	5300	0
-8.5	5500	0
-8.5	5700	0
-8.5	5900	0
-8.5	6100	0
-8.5	6300	0
-8.5	6500	0
-8.5	6700	0
-8.5	6900	0
-8.5	7100	0
-8.5	7300	0
-8.5	7500	0
-8.5	7700	0
-8.5	7900	0
-8.5	8100	0
-8.5	8300	0
-8.5	8500	0
-8.5	8700	0
-8.5	8900	0
-8.5	9100	0
-7.5	2100	0
-7.5	2300	0
-7.5	2500	0
-7.5	2700	0
-7.5	2900	0
-7.5	3100	0
-7.5	3300	0
-7.5	3500	0
-7.5	3700	0
-7.5	3900	0
-7.5	4100	0
-7.5	4300	0
-7.5	4500	0
-7.5	4700	0
-7.5	4900	0
-7.5	5100	0
-7.5	5300	0
-7.5	5500	0
-7.5	5700	0
-7.5	5900	0
-7.5	6100	0
-7.5	6300	0
-7.5	6500	0
-7.5	6700	0
-7.5	6900	0
-7.5	7100	0
-7.5	7300	0
-7.5	7500	0
-7.5	7700	0
-7.5	7900	0
-7.5	8100	0
-7.5	8300	0
-7.5	8500	0
-7.5	8700	0
-7.5	8900	0
-7.5	9100	0
-6.5	2100	0
-6.5	2300	0
-6.5	2500	0
-6.5	2700	0
-6.5	2900	0
-6.5	3100	0
-6.5	3300	0
-6.5	3500	0
-6.5	3700	0
-6.5	3900	0
-6.5	4100	0
-6.5	4300	0
-6.5	4500	0
-6.5	4700	0
-6.5	4900	0
-6.5	5100	0
-6.5	5300	0
-6.5	5500	0
-6.5	5700	0
-6.5	5900	0
-6.5	6100	0
-6.5	6300	0
-6.5	6500	0
-6.5	6700	0
-6.5	6900	0
-6.5	7100	0
-6.5	7300	0
-6.5	7500	0
-6.5	7700	0
-6.5	7900	0
-6.5	8100	0
-6.5	8300	0
-6.5	8500	0
-6.5	8700	0
-6.5	8900	0
-6.5	9100	0
-5.5	2100	0
-5.5	2300	0
-5.5	2500	0
-5.5	2700	0
-5.5	2900	0
-5.5	3100	0
-5.5	3300	0
-5.5	3500	0
-5.5	3700	0
-5.5	3900	0
-5.5	4100	0
-5.5	4300	0
-5.5	4500	0
-5.5	4700	0
-5.5	4900	0
-5.5	5100	0
-5.5	5300	0
-5.5	5500	0
-5.5	5700	0
-5.5	5900	0
-5.5	6100	0
-5.5	6300	0
-5.5	6500	0
-5.5	6700	0
-5.5	6900	0
-5.5	7100	0
-5.5	7300	0
-5.5	7500	0
-5.5	7700	0
-5.5	7900	0
-5.5	8100	0
-5.5	8300	0
-5.5	8500	0
-5.5	8700	0
-5.5	8900	0
-5.5	9100	0
-4.5	2100	0
-4.5	2300	0
-4.5	2500	0
-4.5	2700	0
-4.5	2900	0
-4.5	3100	0
-4.5	3300	0
-4.5	3500	0
-4.5	3700	0
-4.5	3900	0
-4.5	4100	0
-4.5	4300	0
-4.5	4500	0
-4.5	4700	0
-4.5	4900	0
-4.5	5100	0
-4.5	5300	0
-4.5	5500	0
-4.5	5700	0
-4.5	5900	0
-4.5	6100	0
-4.5	6300	0
-4.5	6500	0
-4.5	6700	0
-4.5	6900	0
-4.5	7100	0
-4.5	7300	0
-4.5	7500	0
-4.5	7700	0
-4.5	7900	0
-4.5	8100	0
-4.5	8300	0
-4.5	8500	0
-4.5	8700	0
-4.5	8900	0
-4.5	9100	0
-3.5	2100	0
-3.5	2300	0
-3.5	2500	0
-3.5	2700	0
-3.5	2900	0
-3.5	3100	0
-3.5	3300	0
-3.5	3500	0
-3.5	3700	0
-3.5	3900	0
-3.5	4100	0
-3.5	4300	0
-3.5	4500	0
-3.5	4700	0
-3.5	4900	0
-3.5	5100	0
-3.5	5300	0
-3.5	5500	0
-3.5	5700	0
-3.5	5900	0
-3.5	6100	0
-3.5	6300	0
-3.5	6500	0
-3.5	6700	0
-3.5	6900	0
-3.5	7100	0
-3.5	7300	0
-3.5	7500	0
-3.5	7700	0
-3.5	7900	0
-3.5	8100	0
-3.5	8300	0
-3.5	8500	0
-3.5	8700	0
-3.5	8900	0
-3.5	9100	0
-2.5	2100	0
-2.5	2300	0
-2.5	2500	0
-2.5	2700	0
-2.5	2900	0
-2.5	3100	0
-2.5	3300	0
-2.5	3500	0
-2.5	3700	0
-2.5	3900	0
-2.5	4100	0
-2.5	4300	0
-2.5	4500	0
-2.5	4700	0
-2.5	4900	0
-2.5	5100	0
-2.5	5300	0
-2.5	5500	0
-2.5	5700	0
-2.5	5900	0
-2.5	6100	0
-2.5	6300	0
-2.5	6500	0
-2.5	6700	0
-2.5	6900	0
-2.5	7100	0
-2.5	7300	0
-2.5	7500	0
-2.5	7700	0
-2.5	7900	0
-2.5	8100	0
-2.5	8300	0
-2.5	8500	0
-2.5	8700	0
-2.5	8900	0
-2.5	9100	0
-1.5	2100	0
-1.5	2300	0
-1.5	2500	0
-1.5	2700	0
-1.5	2900	0
-1.5	3100	0
-1.5	3300	0
-1.5	3500	0
-1.5	3700	0
-1.5	3900	0
-1.5	4100	0
-1.5	4300	0
-1.5	4500	0
-1.5	4700	0
-1.5	4900	0
-1.5	5100	0
-1.5	5300	0
-1.5	5500	0
-1.5	5700	0
-1.5	5900	0
-1.5	6100	0
-1.5	6300	0
-1.5	6500	0
-1.5	6700	0
-1.5	6900	0
-1.5	7100	0
-1.5	7300	0
-1.5	7500	0
-1.5	7700	0
-1.5	7900	0
-1.5	8100	0
-1.5	8300	0
-1.5	8500	0
-1.5	8700	0
-1.5	8900	0
-1.5	9100	0
-0.5	2100	0
-0.5	2300	0
-0.5	2500	0
-0.5	2700	0
-0.5	2900	0
-0.5	3100	0
-0.5	3300	0
-0.5	3500	0
-0.5	3700	0
-0.5	3900	0
-0.5	4100	0
-0.5	4300	0
-0.5	4500	0
-0.5	4700	0
-0.5	4900	0
-0.5	5100	0
-0.5	5300	0
-0.5	5500	0
-0.5	5700	0
-0.5	5900	0
-0.5	6100	0
-0.5	6300	0
-0.5	6500	0
-0.5	6700	0
-0.5	6900	0
-0.5	7100	0
-0.5	7300	0
-0.5	7500	0
-0.5	7700	0
-0.5	7900	0
-0.5	8100	0
-0.5	8300	0
-0.5	8500	0
-0.5	8700	0
-0.5	8900	0
-0.5	9100	0
0.5	2100	0
0.5	2300	0
0.5	2500	0
0.5	2700	0
0.5	2900	0
0.5	3100	0
0.5	3300	0
0.5	3500	0
0.5	3700	0
0.5	3900	0
0.5	4100	0
0.5	4300	0
0.5	4500	0
0.5	4700	0
0.5	4900	0
0.5	5100	0
0.5	5300	0
0.5	5500	0
0.5	5700	0
0.5	5900	0
0.5	6100	0
0.5	6300	0
0.5	6500	0
0.5	6700	0
0.5	6900	0
0.5	7100	0
0.5	7300	0
0.5	7500	0
0.5	7700	0
0.5	7900	0
0.5	8100	0
0.5	8300	0
0.5	8500	0
0.5	8700	0
0.5	8900	0
0.5	9100	0
1.5	2100	0
1.5	2300	0
1.5	2500	0
1.5	2700	0
1.5	2900	0
1.5	3100	0
1.5	3300	0
1.5	3500	0
1.5	3700	0
1.5	3900	0
1.5	4100	0
1.5	4300	0
1.5	4500	0
1.5	4700	0
1.5	4900	0
1.5	5100	0
1.5	5300	0
1.5	5500	0
1.5	5700	0
1.5	5900	0
1.5	6100	0
1.5	6300	0
1.5	6500	0
1.5	6700	0
1.5	6900	0
1.5	7100	0
1.5	7300	0
1.5	7500	0
1.5	7700	0
1.5	7900	0
1.5	8100	0
1.5	8300	0
1.5	8500	0
1.5	8700	0
1.5	8900	0
1.5	9100	0
2.5	2100	0
2.5	2300	0
2.5	2500	0
2.5	2700	0
2.5	2900	0
2.5	3100	0
2.5	3300	0
2.5	3500	0
2.5	3700	0
2.5	3900	0
2.5	4100	0
2.5	4300	0
2.5	4500	0
2.5	4700	0
2.5	4900	0
2.5	5100	0
2.5	5300	0
2.5	5500	0
2.5	5700	0
2.5	5900	0
2.5	6100	0
2.5	6300	0
2.5	6500	0
2.5	6700	0
2.5	6900	0
2.5	7100	0
2.5	7300	0
2.5	7500	0
2.5	7700	0
2.5	7900	0
2.5	8100	0
2.5	8300	0
2.5	8500	0
2.5	8700	0
2.5	8900	0
2.5	9100	0
3.5	2100	0
3.5	2300	0
3.5	2500	0
3.5	2700	0
3.5	2900	0
3.5	3100	0
3.5	3300	0
3.5	3500	0
3.5	3700	0
3.5	3900	0
3.5	4100	0
3.5	4300	0
3.5	4500	0
3.5	4700	0
3.5	4900	0
3.5	5100	0
3.5	5300	0
3.5	5500	0
3.5	5700	0
3.5	5900	0
3.5	6100	0
3.5	6300	0
3.5	6500	0
3.5	6700	0
3.5	6900	0
3.5	7100	0
3.5	7300	0
3.5	7500	0
3.5	7700	0
3.5	7900	0
3.5	8100	0
3.5	8300	0
3.5	8500	0
3.5	8700	0
3.5	8900	0
3.5	9100	0
4.5	2100	0
4.5	2300	0
4.5	2500	0
4.5	2700	0
4.5	2900	0
4.5	3100	0
4.5	3300	0
4.5	3500	0
4.5	3700	0
4.5	3900	0
4.5	4100	0
4.5	4300	0
4.5	4500	0
4.5	4700	0
4.5	4900	0
4.5	5100	0
4.5	5300	0
4.5	5500	0
4.5	5700	0
4.5	5900	0
4.5	6100	0
4.5	6300	0
4.5	6500	0
4.5	6700	0
4.5	6900	0
4.5	7100	0
4.5	7300	0
4.5	7500	0
4.5	7700	0
4.5	7900	0
4.5	8100	0
4.5	8300	0
4.5	8500	0
4.5	8700	0
4.5	8900	0
4.5	9100	0
5.5	2100	0
5.5	2300	0
5.5	2500	0
5.5	2700	0
5.5	2900	0
5.5	3100	0
5.5	3300	0
5.5	3500	0
5.5	3700	0
5.5	3900	0
5.5	4100	0
5.5	4300	0
5.5	4500	0
5.5	4700	0
5.5	4900	0
5.5	5100	0
5.5	5300	0
5.5	5500	0
5.5	5700	0
5.5	5900	0
5.5	6100	0
5.5	6300	0
5.5	6500	0
5.5	6700	0
5.5	6900	0
5.5	7100	0
5.5	7300	0
5.5	7500	0
5.5	7700	0
5.5	7900	0
5.5	8100	0
5.5	8300	0
5.5	8500	0
5.5	8700	0
5.5	8900	0
5.5	9100	0
6.5	2100	0
6.5	2300	0
6.5	2500	0
6.5	2700	0
6.5	2900	0
6.5	3100	0
6.5	3300	0
6.5	3500	0
6.5	3700	0
6.5	3900	0
6.5	4100	0
6.5	4300	0
6.5	4500	0
6.5	4700	0
6.5	4900	0
6.5	5100	0
6.5	5300	0
6.5	5500	0
6.5	5700	0
6.5	5900	0
6.5	6100	0
6.5	6300	0
6.5	6500	0
6.5	6700	0
6.5	6900	0
6.5	7100	0
6.5	7300	0
6.5	7500	0
6.5	7700	0
6.5	7900	0
6.5	8100	0
6.5	8300	0
6.5	8500	0
6.5	8700	0
6.5	8900	0
6.5	9100	0
7.5	2100	0
7.5	2300	0
7.5	2500	0
7.5	2700	0
7.5	2900	0
7.5	3100	0
7.5	3300	0
7.5	3500	0
7.5	3700	0
7.5	3900	0
7.5	4100	0
7.5	4300	0
7.5	4500	0
7.5	4700	0
7.5	4900	0
7.5	5100	0
7.5	5300	0
7.5	5500	0
7.5	5700	0
7.5	5900	0
7.5	6100	0
7.5	6300	0
7.5	6500	0
7.5	6700	0
7.5	6900	0
7.5	7100	0
7.5	7300	0
7.5	7500	0
7.5	7700	0
7.5	7900	0
7.5	8100	0
7.5	8300	0
7.5	8500	0
7.5	8700	0
7.5	8900	0
7.5	9100	0
8.5	2100	0
8.5	2300	0
8.5	2500	0
8.5	2700	0
8.5	2900	0
8.5	3100	0
8.5	3300	0
8.5	3500	0
8.5	3700	0
8.5	3900	0
8.5	4100	0
8.5	4300	0
8.5	4500	0
8.5	4700	0
8.5	4900	0
8.5	5100	0
8.5	5300	0
8.5	5500	0
8.5	5700	0
8.5	5900	0
8.5	6100	0
8.5	6300	0
8.5	6500	0
8.5	6700	0
8.5	6900	0
8.5	7100	0
8.5	7300	0
8.5	7500	0
8.5	7700	0
8.5	7900	0
8.5	8100	0
8.5	8300	0
8.5	8500	0
8.5	8700	0
8.5	8900	0
8.5	9100	0
9.5	2100	0
9.5	2300	0
9.5	2500	0
9.5	2700	0
9.5	2900	0
9.5	3100	0
9.5	3300	0
9.5	3500	0
9.5	3700	0
9.5	3900	0
9.5	4100	0
9.5	4300	0
9.5	4500	0
9.5	4700	0
9.5	4900	0
9.5	5100	0
9.5	5300	0
9.5	5500	0
9.5	5700	0
9.5	5900	0
9.5	6100	0
9.5	6300	0
9.5	6500	0
9.5	6700	0
9.5	6900	0
9.5	7100	0
9.5	7300	0
9.5	7500	0
9.5	7700	0
9.5	7900	0
9.5	8100	0
9.5	8300	0
9.5	8500	0
9.5	8700	0
9.5	8900	0
9.5	9100	0
10.5	2100	0
10.5	2300	0
10.5	2500	0
10.5	2700	0
10.5	2900	0
10.5	3100	0
10.5	3300	0
10.5	3500	0
10.5	3700	0
10.5	3900	0
10.5	4100	0
10.5	4300	0
10.5	4500	0
10.5	4700	0
10.5	4900	0
10.5	5100	0
10.5	5300	0
10.5	5500	0
10.5	5700	0
10.5	5900	0
10.5	6100	0
10.5	6300	0
10.5	6500	0
10.5	6700	0
10.5	6900	0
10.5	7100	0
10.5	7300	0
10.5	7500	0
10.5	7700	0
10.5	7900	0
10.5	8100	0
10.5	8300	0
10.5	8500	0
10.5	8700	0
10.5	8900	0
10.5	9100	0
11.5	2100	0
11.5	2300	0
11.5	2500	0
11.5	2700	0
11.5	2900	0
11.5	3100	0
11.5	3300	0
11.5	3500	0
11.5	3700	0
11.5	3900	0
11.5	4100	0
11.5	4300	0
11.5	4500	0
11.5	4700	0
11.5	4900	0
11.5	5100	0
11.5	5300	0
11.5	5500	0
11.5	5700	0
11.5	5900	0
11.5	6100	0
11.5	6300	0
11.5	6500	0
11.5	6700	0
11.5	6900	0
11.5	7100	0
11.5	7300	0
11.5	7500	0
11.5	7700	0
11.5	7900	0
11.5	8100	0
11.5	8300	0
11.5	8500	0
11.5	8700	0
11.5	8900	0
11.5	9100	0
12.5	2100	0
12.5	2300	0
12.5	2500	0
12.5	2700	0
12.5	2900	0
12.5	3100	0
12.5	3300	0
12.5	3500	0
12.5	3700	0
12.5	3900	0
12.5	4100	0
12.5	4300	0
12.5	4500	0
12.5	4700	0
12.5	4900	0
12.5	5100	0
12.5	5300	0
12.5	5500	0
12.5	5700	0
12.5	5900	0
12.5	6100	0
12.5	6300	0
12.5	6500	0
12.5	6700	0
12.5	6900	0
12.5	7100	0
12.5	7300	0
12.5	7500	0
12.5	7700	0
12.5	7900	0
12.5	8100	0
12.5	8300	0
12.5	8500	0
12.5	8700	0
12.5	8900	0
12.5	9100	0
13.5	2100	0
13.5	2300	0
13.5	2500	0
13.5	2700	0
13.5	2900	0
13.5	3100	0
13.5	3300	0
13.5	3500	0
13.5	3700	0
13.5	3900	0
13.5	4100	0
13.5	4300	0
13.5	4500	0
13.5	4700	0
13.5	4900	0
13.5	5100	0
13.5	5300	0
13.5	5500	0
13.5	5700	0
13.5	5900	0
13.5	6100	0
13.5	6300	0
13.5	6500	0
13.5	6700	0
13.5	6900	0
13.5	7100	0
13.5	7300	0
13.5	7500	0
13.5	7700	0
13.5	7900	0
13.5	8100	0
13.5	8300	0
13.5	8500	0
13.5	8700	0
13.5	8900	0
13.5	9100	0
14.5	2100	0
14.5	2300	0
14.5	2500	0
14.5	2700	0
14.5	2900	0
14.5	3100	0
14.5	3300	0
14.5	3500	0
14.5	3700	0
14.5	3900	0
14.5	4100	0
14.5	4300	0
14.5	4500	0
14.5	4700	0
14.5	4900	0
14.5	5100	0
14.5	5300	0
14.5	5500	0
14.5	5700	0
14.5	5900	0
14.5	6100	0
14.5	6300	0
14.5	6500	0
14.5	6700	0
14.5	6900	0
14.5	7100	0
14.5	7300	0
14.5	7500	0
14.5	7700	0
14.5	7900	0
14.5	8100	0
14.5	8300	0
14.5	8500	0
14.5	8700	0
14.5	8900	0
14.5	9100	0
15.5	2100	0
15.5	2300	0
15.5	2500	0
15.5	2700	0
15.5	2900	0
15.5	3100	0
15.5	3300	0
15.5	3500	0
15.5	3700	0
15.5	3900	0
15.5	4100	0
15.5	4300	0
15.5	4500	0
15.5	4700	0
15.5	4900	0
15.5	5100	0
15.5	5300	0
15.5	5500	0
15.5	5700	0
15.5	5900	0
15.5	6100	0
15.5	6300	0
15.5	6500	0
15.5	6700	0
15.5	6900	0
15.5	7100	0
15.5	7300	0
15.5	7500	0
15.5	7700	0
15.5	7900	0
15.5	8100	0
15.5	8300	0
15.5	8500	0
15.5	8700	0
15.5	8900	0
15.5	9100	0
16.5	2100	0
16.5	2300	0
16.5	2500	0
16.5	2700	0
16.5	2900	0
16.5	3100	0
16.5	3300	0
16.5	3500	0
16.5	3700	0
16.5	3900	0
16.5	4100	0
16.5	4300	0
16.5	4500	0
16.5	4700	0
16.5	4900	0
16.5	5100	0
16.5	5300	0
16.5	5500	0
16.5	5700	0
16.5	5900	0
16.5	6100	0
16.5	6300	0
16.5	6500	0
16.5	6700	0
16.5	6900	0
16.5	7100	0
16.5	7300	0
16.5	7500	0
16.5	7700	0
16.5	7900	0
16.5	8100	0
16.5	8300	0
16.5	8500	0
16.5	8700	0
16.5	8900	0
16.5	9100	0
17.5	2100	0
17.5	2300	0
17.5	2500	0
17.5	2700	0
17.5	2900	0
17.5	3100	0
17.5	3300	0
17.5	3500	0
17.5	3700	0
17.5	3900	0
17.5	4100	0
17.5	4300	0
17.5	4500	0
17.5	4700	0
17.5	4900	0
17.5	5100	0
17.5	5300	0
17.5	5500	0
17.5	5700	0
17.5	5900	0
17.5	6100	0
17.5	6300	0
17.5	6500	0
17.5	6700	0
17.5	6900	0
17.5	7100	0
17.5	7300	0
17.5	7500	0
17.5	7700	0
17.5	7900	0
17.5	8100	0
17.5	8300	0
17.5	8500	0
17.5	8700	0
17.5	8900	0
17.5	9100	0
18.5	2100	0
18.5	2300	0
18.5	2500	0
18.5	2700	0
18.5	2900	0
18.5	3100	0
18.5	3300	0
18.5	3500	0
18.5	3700	0
18.5	3900	0
18.5	4100	0
18.5	4300	0
18.5	4500	0
18.5	4700	0
18.5	4900	0
18.5	5100	0
18.5	5300	0
18.5	5500	0
18.5	5700	0
18.5	5900	0
18.5	6100	0
18.5	6300	0
18.5	6500	0
18.5	6700	0
18.5	6900	0
18.5	7100	0
18.5	7300	0
18.5	7500	0
18.5	7700	0
18.5	7900	0
18.5	8100	0
18.5	8300	0
18.5	8500	0
18.5	8700	0
18.5	8900	0
18.5	9100	0
19.5	2100	0
19.5	2300	0
19.5	2500	0
19.5	2700	0
19.5	2900	0
19.5	3100	0
19.5	3300	0
19.5	3500	0
19.5	3700	0
19.5	3900	0
19.5	4100	0
19.5	4300	0
19.5	4500	0
19.5	4700	0
19.5	4900	0
19.5	5100	0
19.5	5300	0
19.5	5500	0
19.5	5700	0
19.5	5900	0
19.5	6100	0
19.5	6300	0
19.5	6500	0
19.5	6700	0
19.5	6900	0
19.5	7100	0
19.5	7300	0
19.5	7500	0
19.5	7700	0
19.5	7900	0
19.5	8100	0
19.5	8300	0
19.5	8500	0
19.5	8700	0
19.5	8900	0
19.5	9100	0
20.5	2100	0
20.5	2300	0
20.5	2500	0
20.5	2700	0
20.5	2900	0
20.5	3100	0
20.5	3300	0
20.5	3500	0
20.5	3700	0
20.5	3900	0
20.5	4100	0
20.5	4300	0
20.5	4500	0
20.5	4700	0
20.5	4900	0
20.5	5100	0
20.5	5300	0
20.5	5500	0
20.5	5700	0
20.5	5900	0
20.5	6100	0
20.5	6300	0
20.5	6500	0
20.5	6700	0
20.5	6900	0
20.5	7100	0
20.5	7300	0
20.5	7500	0
20.5	7700	0
20.5	7900	0
20.5	8100	0
20.5	8300	0
20.5	8500	0
20.5	8700	0
20.5	8900	0
20.5	9100	0
21.5	2100	0
21.5	2300	0
21.5	2500	0
21.5	2700	0
21.5	2900	0
21.5	3100	0
21.5	3300	0
21.5	3500	0
21.5	3700	0
21.5	3900	0
21.5	4100	0
21.5	4300	0
21.5	4500	0
21.5	4700	0
21.5	4900	0
21.5	5100	0
21.5	5300	0
21.5	5500	0
21.5	5700	0
21.5	5900	0
21.5	6100	0
21.5	6300	0
21.5	6500	0
21.5	6700	0
21.5	6900	0
21.5	7100	0
21.5	7300	0
21.5	7500	0
21.5	7700	0
21.5	7900	0
21.5	8100	0
21.5	8300	0
21.5	8500	0
21.5	8700	0
21.5	8900	0
21.5	9100	0
22.5	2100	0
22.5	2300	0
22.5	2500	0
22.5	2700	0
22.5	2900	0
22.5	3100	0
22.5	3300	0
22.5	3500	0
22.5	3700	0
22.5	3900	0
22.5	4100	0
22.5	4300	0
22.5	4500	0
22.5	4700	0
22.5	4900	0
22.5	5100	0
22.5	5300	0
22.5	5500	0
22.5	5700	0
22.5	5900	0
22.5	6100	0
22.5	6300	0
22.5	6500	0
22.5	6700	0
22.5	6900	0
22.5	7100	0
22.5	7300	0
22.5	7500	0
22.5	7700	0
22.5	7900	0
22.5	8100	0
22.5	8300	0
22.5	8500	0
22.5	8700	0
22.5	8900	0
22.5	9100	0
23.5	2100	0
23.5	2300	0
23.5	2500	0
23.5	2700	0
23.5	2900	0
23.5	3100	0
23.5	3300	0
23.5	3500	0
23.5	3700	0
23.5	3900	0
23.5	4100	0
23.5	4300	0
23.5	4500	0
23.5	4700	0
23.5	4900	0
23.5	5100	0
23.5	5300	0
23.5	5500	0
23.5	5700	0
23.5	5900	0
23.5	6100	0
23.5	6300	0
23.5	6500	0
23.5	6700	0
23.5	6900	0
23.5	7100	0
23.5	7300	0
23.5	7500	0
23.5	7700	0
23.5	7900	0
23.5	8100	0
23.5	8300	0
23.5	8500	0
23.5	8700	0
23.5	8900	0
23.5	9100	0
24.5	2100	0
24.5	2300	0
24.5	2500	0
24.5	2700	0
24.5	2900	0
24.5	3100	0
24.5	3300	0
24.5	3500	0
24.5	3700	0
24.5	3900	0
24.5	4100	0
24.5	4300	0
24.5	4500	0
24.5	4700	0
24.5	4900	0
24.5	5100	0
24.5	5300	0
24.5	5500	0
24.5	5700	0
24.5	5900	0
24.5	6100	0
24.5	6300	0
24.5	6500	0
24.5	6700	0
24.5	6900	0
24.5	7100	0
24.5	7300	0
24.5	7500	0
24.5	7700	0
24.5	7900	0
24.5	8100	0
24.5	8300	0
24.5	8500	0
24.5	8700	0
24.5	8900	0
24.5	9100	0
25.5	2100	0
25.5	2300	0
25.5	2500	0
25.5	2700	0
25.5	2900	0
25.5	3100	0
25.5	3300	0
25.5	3500	0
25.5	3700	0
25.5	3900	0
25.5	4100	0
25.5	4300	0
25.5	4500	0
25.5	4700	0
25.5	4900	0
25.5	5100	0
25.5	5300	0
25.5	5500	0
25.5	5700	0
25.5	5900	0
25.5	6100	0
25.5	6300	0
25.5	6500	0
25.5	6700	0
25.5	6900	0
25.5	7100	0
25.5	7300	0
25.5	7500	0
25.5	7700	0
25.5	7900	0
25.5	8100	0
25.5	8300	0
25.5	8500	0
25.5	8700	0
25.5	8900	0
25.5	9100	0
26.5	2100	0
26.5	2300	0
26.5	2500	0
26.5	2700	0
26.5	2900	0
26.5	3100	0
26.5	3300	0
26.5	3500	0
26.5	3700	0
26.5	3900	0
26.5	4100	0
26.5	4300	0
26.5	4500	0
26.5	4700	0
26.5	4900	0
26.5	5100	0
26.5	5300	0
26.5	5500	0
26.5	5700	0
26.5	5900	0
26.5	6100	0
26.5	6300	0
26.5	6500	0
26.5	6700	0
26.5	6900	0
26.5	7100	0
26.5	7300	0
26.5	7500	0
26.5	7700	0
26.5	7900	0
26.5	8100	0
26.5	8300	0
26.5	8500	0
26.5	8700	0
26.5	8900	0
26.5	9100	0
27.5	2100	0
27.5	2300	0
27.5	2500	0
27.5	2700	0
27.5	2900	0
27.5	3100	0
27.5	3300	0
27.5	3500	0
27.5	3700	0
27.5	3900	0
27.5	4100	0
27.5	4300	0
27.5	4500	0
27.5	4700	0
27.5	4900	0
27.5	5100	0
27.5	5300	0
27.5	5500	0
27.5	5700	0
27.5	5900	0
27.5	6100	0
27.5	6300	0
27.5	6500	0
27.5	6700	0
27.5	6900	0
27.5	7100	0
27.5	7300	0
27.5	7500	0
27.5	7700	0
27.5	7900	0
27.5	8100	0
27.5	8300	0
27.5	8500	0
27.5	8700	0
27.5	8900	0
27.5	9100	0
28.5	2100	0
28.5	2300	0
28.5	2500	0
28.5	2700	0
28.5	2900	0
28.5	3100	0
28.5	3300	0
28.5	3500	0
28.5	3700	0
28.5	3900	0
28.5	4100	0
28.5	4300	0
28.5	4500	0
28.5	4700	0
28.5	4900	0
28.5	5100	0
28.5	5300	0
28.5	5500	0
28.5	5700	0
28.5	5900	0
28.5	6100	0
28.5	6300	0
28.5	6500	0
28.5	6700	0
28.5	6900	0
28.5	7100	0
28.5	7300	0
28.5	7500	0
28.5	7700	0
28.5	7900	0
28.5	8100	0
28.5	8300	0
28.5	8500	0
28.5	8700	0
28.5	8900	0
28.5	9100	0
29.5	2100	0
29.5	2300	0
29.5	2500	0
29.5	2700	0
29.5	2900	0
29.5	3100	0
29.5	3300	0
29.5	3500	0
29.5	3700	0
29.5	3900	0
29.5	4100	0
29.5	4300	0
29.5	4500	0
29.5	4700	0
29.5	4900	0
29.5	5100	0
29.5	5300	0
29.5	5500	0
29.5	5700	0
29.5	5900	0
29.5	6100	0
29.5	6300	0
29.5	6500	0
29.5	6700	0
29.5	6900	0
29.5	7100	0
29.5	7300	0
29.5	7500	0
29.5	7700	0
29.5	7900	0
29.5	8100	0
29.5	8300	0
29.5	8500	0
29.5	8700	0
29.5	8900	0
29.5	9100	0
30.5	2100	0
30.5	2300	0
30.5	2500	0
30.5	2700	0
30.5	2900	0
30.5	3100	0
30.5	3300	0
30.5	3500	0
30.5	3700	0
30.5	3900	0
30.5	4100	0
30.5	4300	0
30.5	4500	0
30.5	4700	0
30.5	4900	0
30.5	5100	0
30.5	5300	0
30.5	5500	0
30.5	5700	0
30.5	5900	0
30.5	6100	0
30.5	6300	0
30.5	6500	0
30.5	6700	0
30.5	6900	0
30.5	7100	0
30.5	7300	0
30.5	7500	0
30.5	7700	0
30.5	7900	0
30.5	8100	0
30.5	8300	0
30.5	8500	0
30.5	8700	0
30.5	8900	0
30.5	9100	0
31.5	2100	0
31.5	2300	0
31.5	2500	0
31.5	2700	0
31.5	2900	0
31.5	3100	0
31.5	3300	0
31.5	3500	0
31.5	3700	0
31.5	3900	0
31.5	4100	0
31.5	4300	0
31.5	4500	0
31.5	4700	0
31.5	4900	0
31.5	5100	0
31.5	5300	0
31.5	5500	0
31.5	5700	0
31.5	5900	0
31.5	6100	0
31.5	6300	0
31.5	6500	0
31.5	6700	0
31.5	6900	0
31.5	7100	0
31.5	7300	0
31.5	7500	0
31.5	7700	0
31.5	7900	0
31.5	8100	0
31.5	8300	0
31.5	8500	0
31.5	8700	0
31.5	8900	0
31.5	9100	0
32.5	2100	0
32.5	2300	0
32.5	2500	0
32.5	2700	0
32.5	2900	0
32.5	3100	0
32.5	3300	0
32.5	3500	0
32.5	3700	0
32.5	3900	0
32.5	4100	0
32.5	4300	0
32.5	4500	0
32.5	4700	0
32.5	4900	0
32.5	5100	0
32.5	5300	0
32.5	5500	0
32.5	5700	0
32.5	5900	0
32.5	6100	0
32.5	6300	0
32.5	6500	0
32.5	6700	0
32.5	6900	0
32.5	7100	0
32.5	7300	0
32.5	7500	0
32.5	7700	0
32.5	7900	0
32.5	8100	0
32.5	8300	0
32.5	8500	0
32.5	8700	0
32.5	8900	0
32.5	9100	0
33.5	2100	0
33.5	2300	0
33.5	2500	0
33.5	2700	0
33.5	2900	0
33.5	3100	0
33.5	3300	0
33.5	3500	0
33.5	3700	0
33.5	3900	0
33.5	4100	0
33.5	4300	0
33.5	4500	0
33.5	4700	0
33.5	4900	0
33.5	5100	0
33.5	5300	0
33.5	5500	0
33.5	5700	0
33.5	5900	0
33.5	6100	0
33.5	6300	0
33.5	6500	0
33.5	6700	0
33.5	6900	0
33.5	7100	0
33.5	7300	0
33.5	7500	0
33.5	7700	0
33.5	7900	0
33.5	8100	0
33.5	8300	0
33.5	8500	0
33.5	8700	0
33.5	8900	0
33.5	9100	0
34.5	2100	0
34.5	2300	0
34.5	2500	0
34.5	2700	0
34.5	2900	0
34.5	3100	0
34.5	3300	0
34.5	3500	0
34.5	3700	0
34.5	3900	0
34.5	4100	0
34.5	4300	0
34.5	4500	0
34.5	4700	0
34.5	4900	0
34.5	5100	0
34.5	5300	0
34.5	5500	0
34.5	5700	0
34.5	5900	0
34.5	6100	0
34.5	6300	0
34.5	6500	0
34.5	6700	0
34.5	6900	0
34.5	7100	0
34.5	7300	0
34.5	7500	0
34.5	7700	0
34.5	7900	0
34.5	8100	0
34.5	8300	0
34.5	8500	0
34.5	8700	0
34.5	8900	0
34.5	9100	0
35.5	2100	0
35.5	2300	0
35.5	2500	0
35.5	2700	0
35.5	2900	0
35.5	3100	0
35.5	3300	0
35.5	3500	0
35.5	3700	0
35.5	3900	0
35.5	4100	0
35.5	4300	0
35.5	4500	0
35.5	4700	0
35.5	4900	0
35.5	5100	0
35.5	5300	0
35.5	5500	0
35.5	5700	0
35.5	5900	0
35.5	6100	0
35.5	6300	0
35.5	6500	0
35.5	6700	0
35.5	6900	0
35.5	7100	0
35.5	7300	0
35.5	7500	0
35.5	7700	0
35.5	7900	0
35.5	8100	0
35.5	8300	0
35.5	8500	0
35.5	8700	0
35.5	8900	0
35.5	9100	0
36.5	2100	0
36.5	2300	0
36.5	2500	0
36.5	2700	0
36.5	2900	0
36.5	3100	0
36.5	3300	0
36.5	3500	0
36.5	3700	0
36.5	3900	0
36.5	4100	0
36.5	4300	0
36.5	4500	0
36.5	4700	0
36.5	4900	0
36.5	5100	0
36.5	5300	0
36.5	5500	0
36.5	5700	0
36.5	5900	0
36.5	6100	0
36.5	6300	0
36.5	6500	0
36.5	6700	0
36.5	6900	0
36.5	7100	0
36.5	7300	0
36.5	7500	0
36.5	7700	0
36.5	7900	0
36.5	8100	0
36.5	8300	0
36.5	8500	0
36.5	8700	0
36.5	8900	0
36.5	9100	0
37.5	2100	0
37.5	2300	0
37.5	2500	0
37.5	2700	0
37.5	2900	0
37.5	3100	0
37.5	3300	0
37.5	3500	0
37.5	3700	0
37.5	3900	0
37.5	4100	0
37.5	4300	0
37.5	4500	0
37.5	4700	0
37.5	4900	0
37.5	5100	0
37.5	5300	0
37.5	5500	0
37.5	5700	0
37.5	5900	0
37.5	6100	0
37.5	6300	0
37.5	6500	0
37.5	6700	0
37.5	6900	0
37.5	7100	0
37.5	7300	0
37.5	7500	0
37.5	7700	0
37.5	7900	0
37.5	8100	0
37.5	8300	0
37.5	8500	0
37.5	8700	0
37.5	8900	0
37.5	9100	0
38.5	2100	0
38.5	2300	0
38.5	2500	0
38.5	2700	0
38.5	2900	0
38.5	3100	0
38.5	3300	0
38.5	3500	0
38.5	3700	0
38.5	3900	0
38.5	4100	0
38.5	4300	0
38.5	4500	0
38.5	4700	0
38.5	4900	0
38.5	5100	0
38.5	5300	0
38.5	5500	0
38.5	5700	0
38.5	5900	0
38.5	6100	0
38.5	6300	0
38.5	6500	0
38.5	6700	0
38.5	6900	0
38.5	7100	0
38.5	7300	0
38.5	7500	0
38.5	7700	0
38.5	7900	0
38.5	8100	0
38.5	8300	0
38.5	8500	0
38.5	8700	0
38.5	8900	0
38.5	9100	0
39.5	2100	0
39.5	2300	0
39.5	2500	0
39.5	2700	0
39.5	2900	0
39.5	3100	0
39.5	3300	0
39.5	3500	0
39.5	3700	0
39.5	3900	0
39.5	4100	0
39.5	4300	0
39.5	4500	0
39.5	4700	0
39.5	4900	0
39.5	5100	0
39.5	5300	0
39.5	5500	0
39.5	5700	0
39.5	5900	0
39.5	6100	0
39.5	6300	0
39.5	6500	0
39.5	6700	0
39.5	6900	0
39.5	7100	0
39.5	7300	0
39.5	7500	0
39.5	7700	0
39.5	7900	0
39.5	8100	0
39.5	8300	0
39.5	8500	0
39.5	8700	0
39.5	8900	0
39.5	9100	0
40.5	2100	0
40.5	2300	0
40.5	2500	0
40.5	2700	0
40.5	2900	0
40.5	3100	0
40.5	3300	0
40.5	3500	0
40.5	3700	0
40.5	3900	0
40.5	4100	0
40.5	4300	0
40.5	4500	0
40.5	4700	0
40.5	4900	0
40.5	5100	0
40.5	5300	0
40.5	5500	0
40.5	5700	0
40.5	5900	0
40.5	6100	0
40.5	6300	0
40.5	6500	0
40.5	6700	0
40.5	6900	0
40.5	7100	0
40.5	7300	0
40.5	7500	0
40.5	7700	0
40.5	7900	0
40.5	8100	0
40.5	8300	0
40.5	8500	0
40.5	8700	0
40.5	8900	0
40.5	9100	0
41.5	2100	0
41.5	2300	0
41.5	2500	0
41.5	2700	0
41.5	2900	0
41.5	3100	0
41.5	3300	0
41.5	3500	0
41.5	3700	0
41.5	3900	0
41.5	4100	0
41.5	4300	0
41.5	4500	0
41.5	4700	0
41.5	4900	0
41.5	5100	0
41.5	5300	0
41.5	5500	0
41.5	5700	0
41.5	5900	0
41.5	6100	0
41.5	6300	0
41.5	6500	0
41.5	6700	0
41.5	6900	0
41.5	7100	0
41.5	7300	0
41.5	7500	0
41.5	7700	0
41.5	7900	0
41.5	8100	0
41.5	8300	0
41.5	8500	0
41.5	8700	0
41.5	8900	0
41.5	9100	0
42.5	2100	0
42.5	2300	0
42.5	2500	0
42.5	2700	0
42.5	2900	0
42.5	3100	0
42.5	3300	0
42.5	3500	0
42.5	3700	0
42.5	3900	0
42.5	4100	0
42.5	4300	0
42.5	4500	0
42.5	4700	0
42.5	4900	0
42.5	5100	0
42.5	5300	0
42.5	5500	0
42.5	5700	0
42.5	5900	0
42.5	6100	0
42.5	6300	0
42.5	6500	0
42.5	6700	0
42.5	6900	0
42.5	7100	0
42.5	7300	0
42.5	7500	0
42.5	7700	0
42.5	7900	0
42.5	8100	0
42.5	8300	0
42.5	8500	0
42.5	8700	0
42.5	8900	0
42.5	9100	0
43.5	2100	0
43.5	2300	0
43.5	2500	0
43.5	2700	0
43.5	2900	0
43.5	3100	0
43.5	3300	0
43.5	3500	0
43.5	3700	0
43.5	3900	0
43.5	4100	0
43.5	4300	0
43.5	4500	0
43.5	4700	0
43.5	4900	0
43.5	5100	0
43.5	5300	0
43.5	5500	0
43.5	5700	0
43.5	5900	0
43.5	6100	0
43.5	6300	0
43.5	6500	0
43.5	6700	0
43.5	6900	0
43.5	7100	0
43.5	7300	0
43.5	7500	0
43.5	7700	0
43.5	7900	0
43.5	8100	0
43.5	8300	0
43.5	8500	0
43.5	8700	0
43.5	8900	0
43.5	9100	0
44.5	2100	0
44.5	2300	0
44.5	2500	0
44.5	2700	0
44.5	2900	0
44.5	3100	0
44.5	3300	0
44.5	3500	0
44.5	3700	0
44.5	3900	0
44.5	4100	0
44.5	4300	0
44.5	4500	0
44.5	4700	0
44.5	4900	0
44.5	5100	0
44.5	5300	0
44.5	5500	0
44.5	5700	0
44.5	5900	0
44.5	6100	0
44.5	6300	0
44.5	6500	0
44.5	6700	0
44.5	6900	0
44.5	7100	0
44.5	7300	0
44.5	7500	0
44.5	7700	0
44.5	7900	0
44.5	8100	0
44.5	8300	0
44.5	8500	0
44.5	8700	0
44.5	8900	0
44.5	9100	0
45.5	2100	0
45.5	2300	0
45.5	2500	0
45.5	2700	0
45.5	2900	0
45.5	3100	0
45.5	3300	0
45.5	3500	0
45.5	3700	0
45.5	3900	0
45.5	4100	0
45.5	4300	0
45.5	4500	0
45.5	4700	0
45.5	4900	0
45.5	5100	0
45.5	5300	0
45.5	5500	0
45.5	5700	0
45.5	5900	0
45.5	6100	0
45.5	6300	0
45.5	6500	0
45.5	6700	0
45.5	6900	0
45.5	7100	0
45.5	7300	0
45.5	7500	0
45.5	7700	0
45.5	7900	0
45.5	8100	0
45.5	8300	0
45.5	8500	0
45.5	8700	0
45.5	8900	0
45.5	9100	0
46.5	2100	0
46.5	2300	0
46.5	2500	0
46.5	2700	0
46.5	2900	0
46.5	3100	0
46.5	3300	0
46.5	3500	0
46.5	3700	0
46.5	3900	0
46.5	4100	0
46.5	4300	0
46.5	4500	0
46.5	4700	0
46.5	4900	0
46.5	5100	0
46.5	5300	0
46.5	5500	0
46.5	5700	0
46.5	5900	0
46.5	6100	0
46.5	6300	0
46.5	6500	0
46.5	6700	0
46.5	6900	0
46.5	7100	0
46.5	7300	0
46.5	7500	0
46.5	7700	0
46.5	7900	0
46.5	8100	0
46.5	8300	0
46.5	8500	0
46.5	8700	0
46.5	8900	0
46.5	9100	0
47.5	2100	0
47.5	2300	0
47.5	2500	0
47.5	2700	0
47.5	2900	0
47.5	3100	0
47.5	3300	0
47.5	3500	0
47.5	3700	0
47.5	3900	0
47.5	4100	0
47.5	4300	0
47.5	4500	0
47.5	4700	0
47.5	4900	0
47.5	5100	0
47.5	5300	0
47.5	5500	0
47.5	5700	0
47.5	5900	0
47.5	6100	0
47.5	6300	0
47.5	6500	0
47.5	6700	0
47.5	6900	0
47.5	7100	0
47.5	7300	0
47.5	7500	0
47.5	7700	0
47.5	7900	0
47.5	8100	0
47.5	8300	0
47.5	8500	0
47.5	8700	0
47.5	8900	0
47.5	9100	0
48.5	2100	0
48.5	2300	0
48.5	2500	0
48.5	2700	0
48.5	2900	0
48.5	3100	0
48.5	3300	0
48.5	3500	0
48.5	3700	0
48.5	3900	0
48.5	4100	0
48.5	4300	0
48.5	4500	0
48.5	4700	0
48.5	4900	0
48.5	5100	0
48.5	5300	0
48.5	5500	0
48.5	5700	0
48.5	5900	0
48.5	6100	0
48.5	6300	0
48.5	6500	0
48.5	6700	0
48.5	6900	0
48.5	7100	0
48.5	7300	0
48.5	7500	0
48.5	7700	0
48.5	7900	0
48.5	8100	0
48.5	8300	0
48.5	8500	0
48.5	8700	0
48.5	8900	0
48.5	9100	0
49.5	2100	0
49.5	2300	0
49.5	2500	0
49.5	2700	0
49.5	2900	0
49.5	3100	0
49.5	3300	0
49.5	3500	0
49.5	3700	0
49.5	3900	0
49.5	4100	0
49.5	4300	0
49.5	4500	0
49.5	4700	0
49.5	4900	0
49.5	5100	0
49.5	5300	0
49.5	5500	0
49.5	5700	0
49.5	5900	0
49.5	6100	0
49.5	6300	0
49.5	6500	0
49.5	6700	0
49.5	6900	0
49.5	7100	0
49.5	7300	0
49.5	7500	0
49.5	7700	0
49.5	7900	0
49.5	8100	0
49.5	8300	0
49.5	8500	0
49.5	8700	0
49.5	8900	0
49.5	9100	0
